movie_odid,display_name,chart_date,est_revenue,total_est_revenue
139980100,"The Twilight Saga: Breaking Dawn, Part 1",2012-02-12,6721949,6721949
139980100,"The Twilight Saga: Breaking Dawn, Part 1",2012-02-19,4977522,11699471
139980100,"The Twilight Saga: Breaking Dawn, Part 1",2012-02-26,1388827,13088298
139980100,"The Twilight Saga: Breaking Dawn, Part 1",2012-03-04,576869,13665167
139980100,"The Twilight Saga: Breaking Dawn, Part 1",2012-03-11,346372,14011539
139980100,"The Twilight Saga: Breaking Dawn, Part 1",2012-03-18,262816,14274355
139980100,"The Twilight Saga: Breaking Dawn, Part 1",2012-03-25,190477,14464832
139980100,"The Twilight Saga: Breaking Dawn, Part 1",2012-04-01,177622,14642454
139980100,"The Twilight Saga: Breaking Dawn, Part 1",2012-04-08,137359,14779813
139980100,"The Twilight Saga: Breaking Dawn, Part 1",2012-04-15,117715,14897528
139980100,"The Twilight Saga: Breaking Dawn, Part 1",2012-04-22,126544,15024072
139980100,"The Twilight Saga: Breaking Dawn, Part 1",2012-04-29,92648,15116720
139980100,"The Twilight Saga: Breaking Dawn, Part 1",2012-05-06,164991,15281711
139980100,"The Twilight Saga: Breaking Dawn, Part 1",2012-05-13,77326,15359037
139980100,"The Twilight Saga: Breaking Dawn, Part 1",2012-05-20,97050,15456087
139980100,"The Twilight Saga: Breaking Dawn, Part 1",2012-05-27,65840,15521927
139980100,"The Twilight Saga: Breaking Dawn, Part 1",2012-06-03,52171,15574098
139980100,"The Twilight Saga: Breaking Dawn, Part 1",2012-06-10,39729,15613827
139980100,"The Twilight Saga: Breaking Dawn, Part 1",2012-06-17,20482,15634309
139980100,"The Twilight Saga: Breaking Dawn, Part 1",2012-06-24,25201,15659510
139980100,"The Twilight Saga: Breaking Dawn, Part 1",2012-07-01,25472,15684982
139980100,"The Twilight Saga: Breaking Dawn, Part 1",2012-07-08,19401,15704383
139980100,"The Twilight Saga: Breaking Dawn, Part 1",2012-07-15,15559,15719942
139980100,"The Twilight Saga: Breaking Dawn, Part 1",2012-07-22,11933,15731875
139980100,"The Twilight Saga: Breaking Dawn, Part 1",2012-07-29,13486,15745361
139980100,"The Twilight Saga: Breaking Dawn, Part 1",2012-08-05,14506,15759867
139980100,"The Twilight Saga: Breaking Dawn, Part 1",2012-08-12,8596,15768463
139980100,"The Twilight Saga: Breaking Dawn, Part 1",2012-08-19,8960,15777423
139980100,"The Twilight Saga: Breaking Dawn, Part 1",2012-08-26,9253,15786676
139980100,"The Twilight Saga: Breaking Dawn, Part 1",2012-09-02,7678,15794354
139980100,"The Twilight Saga: Breaking Dawn, Part 1",2012-09-09,8102,15802456
139980100,"The Twilight Saga: Breaking Dawn, Part 1",2012-09-16,5696,15808152
139980100,"The Twilight Saga: Breaking Dawn, Part 1",2012-09-23,22966,15831118
139980100,"The Twilight Saga: Breaking Dawn, Part 1",2012-09-30,22737,15853855
139980100,"The Twilight Saga: Breaking Dawn, Part 1",2012-10-07,18954,15872809
139980100,"The Twilight Saga: Breaking Dawn, Part 1",2012-10-14,32804,15905613
139980100,"The Twilight Saga: Breaking Dawn, Part 1",2012-10-21,24942,15930555
139980100,"The Twilight Saga: Breaking Dawn, Part 1",2012-10-28,48336,15978891
139980100,"The Twilight Saga: Breaking Dawn, Part 1",2012-11-04,139205,16118096
139980100,"The Twilight Saga: Breaking Dawn, Part 1",2012-11-11,183485,16301581
139980100,"The Twilight Saga: Breaking Dawn, Part 1",2012-11-18,250847,16552428
139980100,"The Twilight Saga: Breaking Dawn, Part 1",2012-11-25,129144,16681572
139980100,"The Twilight Saga: Breaking Dawn, Part 1",2012-12-02,76297,16757869
139980100,"The Twilight Saga: Breaking Dawn, Part 1",2012-12-09,88160,16846029
139980100,"The Twilight Saga: Breaking Dawn, Part 1",2012-12-16,91601,16937630
139980100,"The Twilight Saga: Breaking Dawn, Part 1",2012-12-23,63707,17001337
139980100,"The Twilight Saga: Breaking Dawn, Part 1",2012-12-30,43611,17044948
139980100,"The Twilight Saga: Breaking Dawn, Part 1",2013-01-06,33119,17078067
139980100,"The Twilight Saga: Breaking Dawn, Part 1",2013-01-13,17414,17095481
139980100,"The Twilight Saga: Breaking Dawn, Part 1",2013-01-20,13930,17109411
139980100,"The Twilight Saga: Breaking Dawn, Part 1",2013-01-27,12307,17121718
139980100,"The Twilight Saga: Breaking Dawn, Part 1",2013-02-03,146769,17268487
139980100,"The Twilight Saga: Breaking Dawn, Part 1",2013-02-10,12123,17280610
139980100,"The Twilight Saga: Breaking Dawn, Part 1",2013-02-17,11631,17292241
139980100,"The Twilight Saga: Breaking Dawn, Part 1",2013-02-24,13830,17306071
139980100,"The Twilight Saga: Breaking Dawn, Part 1",2013-03-03,184753,17490824
139980100,"The Twilight Saga: Breaking Dawn, Part 1",2013-03-10,158328,17649152
139980100,"The Twilight Saga: Breaking Dawn, Part 1",2013-03-17,13372,17662524
139980100,"The Twilight Saga: Breaking Dawn, Part 1",2013-03-24,10642,17673166
139980100,"The Twilight Saga: Breaking Dawn, Part 1",2013-03-31,8987,17682153
139980100,"The Twilight Saga: Breaking Dawn, Part 1",2013-04-07,12572,17694725
139980100,"The Twilight Saga: Breaking Dawn, Part 1",2013-04-14,10147,17704872
139980100,"The Twilight Saga: Breaking Dawn, Part 1",2013-04-21,8772,17713644
139980100,"The Twilight Saga: Breaking Dawn, Part 1",2013-04-28,8004,17721648
139980100,"The Twilight Saga: Breaking Dawn, Part 1",2013-05-05,6987,17728635
139980100,"The Twilight Saga: Breaking Dawn, Part 1",2013-05-12,7672,17736307
139980100,"The Twilight Saga: Breaking Dawn, Part 1",2013-05-19,7035,17743342
139980100,"The Twilight Saga: Breaking Dawn, Part 1",2013-05-26,6283,17749625
139980100,"The Twilight Saga: Breaking Dawn, Part 1",2013-06-02,4613,17754238
139980100,"The Twilight Saga: Breaking Dawn, Part 1",2013-06-09,5984,17760222
139980100,"The Twilight Saga: Breaking Dawn, Part 1",2013-06-16,6679,17766901
139980100,"The Twilight Saga: Breaking Dawn, Part 1",2013-06-23,7820,17774721
139980100,"The Twilight Saga: Breaking Dawn, Part 1",2013-06-30,8971,17783692
139980100,"The Twilight Saga: Breaking Dawn, Part 1",2013-07-07,8144,17791836
139980100,"The Twilight Saga: Breaking Dawn, Part 1",2013-07-14,9817,17801653
139980100,"The Twilight Saga: Breaking Dawn, Part 1",2013-07-21,9668,17811321
139980100,"The Twilight Saga: Breaking Dawn, Part 1",2013-07-28,7977,17819298
139980100,"The Twilight Saga: Breaking Dawn, Part 1",2013-08-04,8854,17828152
139980100,"The Twilight Saga: Breaking Dawn, Part 1",2013-08-11,9592,17837744
139980100,"The Twilight Saga: Breaking Dawn, Part 1",2013-08-18,8747,17846491
139980100,"The Twilight Saga: Breaking Dawn, Part 1",2013-08-25,9691,17856182
139980100,"The Twilight Saga: Breaking Dawn, Part 1",2013-09-01,9221,17865403
139980100,"The Twilight Saga: Breaking Dawn, Part 1",2013-09-08,9662,17875065
139980100,"The Twilight Saga: Breaking Dawn, Part 1",2013-09-15,9160,17884225
139980100,"The Twilight Saga: Breaking Dawn, Part 1",2013-09-22,9452,17893677
139980100,"The Twilight Saga: Breaking Dawn, Part 1",2013-09-29,8017,17901694
139980100,"The Twilight Saga: Breaking Dawn, Part 1",2013-10-06,7053,17908747
139980100,"The Twilight Saga: Breaking Dawn, Part 1",2013-10-13,6093,17914840
139980100,"The Twilight Saga: Breaking Dawn, Part 1",2013-10-20,4967,17919807
139980100,"The Twilight Saga: Breaking Dawn, Part 1",2013-10-27,4394,17924201
139980100,"The Twilight Saga: Breaking Dawn, Part 1",2013-11-03,5469,17929670
139980100,"The Twilight Saga: Breaking Dawn, Part 1",2013-11-10,4884,17934554
139980100,"The Twilight Saga: Breaking Dawn, Part 1",2013-11-17,3864,17938418
139980100,"The Twilight Saga: Breaking Dawn, Part 1",2013-11-24,3287,17941705
139980100,"The Twilight Saga: Breaking Dawn, Part 1",2013-12-01,5857,17947562
139980100,"The Twilight Saga: Breaking Dawn, Part 1",2013-12-08,2876,17950438
139980100,"The Twilight Saga: Breaking Dawn, Part 1",2013-12-15,391,17950829
139980100,"The Twilight Saga: Breaking Dawn, Part 1",2013-12-22,1740,17952569
139980100,"The Twilight Saga: Breaking Dawn, Part 1",2013-12-29,2949,17955518
139980100,"The Twilight Saga: Breaking Dawn, Part 1",2014-01-05,5420,17960938
139980100,"The Twilight Saga: Breaking Dawn, Part 1",2014-01-12,4520,17965458
139980100,"The Twilight Saga: Breaking Dawn, Part 1",2014-01-19,4202,17969660
139980100,"The Twilight Saga: Breaking Dawn, Part 1",2014-01-26,4226,17973886
139980100,"The Twilight Saga: Breaking Dawn, Part 1",2014-02-02,4684,17978570
139980100,"The Twilight Saga: Breaking Dawn, Part 1",2014-02-09,6454,17985024
139980100,"The Twilight Saga: Breaking Dawn, Part 1",2014-02-16,5780,17990804
139980100,"The Twilight Saga: Breaking Dawn, Part 1",2014-02-23,6558,17997362
139980100,"The Twilight Saga: Breaking Dawn, Part 1",2014-03-02,6999,18004361
139980100,"The Twilight Saga: Breaking Dawn, Part 1",2014-03-09,5491,18009852
139980100,"The Twilight Saga: Breaking Dawn, Part 1",2014-03-16,5351,18015203
139980100,"The Twilight Saga: Breaking Dawn, Part 1",2014-03-23,4916,18020119
139980100,"The Twilight Saga: Breaking Dawn, Part 1",2014-03-30,6375,18026494
139980100,"The Twilight Saga: Breaking Dawn, Part 1",2014-04-06,5097,18031591
139980100,"The Twilight Saga: Breaking Dawn, Part 1",2014-04-13,4317,18035908
139980100,"The Twilight Saga: Breaking Dawn, Part 1",2014-04-20,3980,18039888
139980100,"The Twilight Saga: Breaking Dawn, Part 1",2014-04-27,3822,18043710
139980100,"The Twilight Saga: Breaking Dawn, Part 1",2014-05-04,3497,18047207
139980100,"The Twilight Saga: Breaking Dawn, Part 1",2014-05-11,4141,18051348
139980100,"The Twilight Saga: Breaking Dawn, Part 1",2014-05-18,3996,18055344
139980100,"The Twilight Saga: Breaking Dawn, Part 1",2014-05-25,3718,18059062
139980100,"The Twilight Saga: Breaking Dawn, Part 1",2014-06-01,3983,18063045
139980100,"The Twilight Saga: Breaking Dawn, Part 1",2014-06-08,4024,18067069
139980100,"The Twilight Saga: Breaking Dawn, Part 1",2014-06-15,3582,18070651
139980100,"The Twilight Saga: Breaking Dawn, Part 1",2014-06-22,3370,18074021
139980100,"The Twilight Saga: Breaking Dawn, Part 1",2014-06-29,4839,18078860
139980100,"The Twilight Saga: Breaking Dawn, Part 1",2014-07-06,4528,18083388
139980100,"The Twilight Saga: Breaking Dawn, Part 1",2014-07-13,4741,18088129
139980100,"The Twilight Saga: Breaking Dawn, Part 1",2014-07-20,4648,18092777
139980100,"The Twilight Saga: Breaking Dawn, Part 1",2014-07-27,8637,18101414
139980100,"The Twilight Saga: Breaking Dawn, Part 1",2014-08-03,9798,18111212
139980100,"The Twilight Saga: Breaking Dawn, Part 1",2014-08-10,8233,18119445
139980100,"The Twilight Saga: Breaking Dawn, Part 1",2014-08-17,2593,18122038
139980100,"The Twilight Saga: Breaking Dawn, Part 1",2014-08-24,6406,18128444
139980100,"The Twilight Saga: Breaking Dawn, Part 1",2014-08-31,5634,18134078
139980100,"The Twilight Saga: Breaking Dawn, Part 1",2014-09-07,4272,18138350
139980100,"The Twilight Saga: Breaking Dawn, Part 1",2014-09-14,4142,18142492
139980100,"The Twilight Saga: Breaking Dawn, Part 1",2014-09-21,5148,18147640
139980100,"The Twilight Saga: Breaking Dawn, Part 1",2014-09-28,9223,18156863
139980100,"The Twilight Saga: Breaking Dawn, Part 1",2014-10-05,2320,18159183
139980100,"The Twilight Saga: Breaking Dawn, Part 1",2014-10-12,3848,18163031
139980100,"The Twilight Saga: Breaking Dawn, Part 1",2014-10-19,3844,18166875
139980100,"The Twilight Saga: Breaking Dawn, Part 1",2014-10-26,3008,18169883
139980100,"The Twilight Saga: Breaking Dawn, Part 1",2014-11-02,2828,18172711
139980100,"The Twilight Saga: Breaking Dawn, Part 1",2014-11-09,2959,18175670
139980100,"The Twilight Saga: Breaking Dawn, Part 1",2014-11-16,3195,18178865
139980100,"The Twilight Saga: Breaking Dawn, Part 1",2014-11-23,4674,18183539
139980100,"The Twilight Saga: Breaking Dawn, Part 1",2014-11-30,8808,18192347
139980100,"The Twilight Saga: Breaking Dawn, Part 1",2014-12-07,7269,18199616
139980100,"The Twilight Saga: Breaking Dawn, Part 1",2014-12-14,5175,18204791
139980100,"The Twilight Saga: Breaking Dawn, Part 1",2014-12-21,4526,18209317
139980100,"The Twilight Saga: Breaking Dawn, Part 1",2014-12-28,5457,18214774
139980100,"The Twilight Saga: Breaking Dawn, Part 1",2015-01-04,15207,18229981
139980100,"The Twilight Saga: Breaking Dawn, Part 1",2015-01-11,29177,18259158
139980100,"The Twilight Saga: Breaking Dawn, Part 1",2015-01-18,19359,18278517
139980100,"The Twilight Saga: Breaking Dawn, Part 1",2015-01-25,12739,18291256
139980100,"The Twilight Saga: Breaking Dawn, Part 1",2015-02-01,13682,18304938
139980100,"The Twilight Saga: Breaking Dawn, Part 1",2015-02-08,16835,18321773
139980100,"The Twilight Saga: Breaking Dawn, Part 1",2015-02-15,11284,18333057
139980100,"The Twilight Saga: Breaking Dawn, Part 1",2015-02-22,13865,18346922
139980100,"The Twilight Saga: Breaking Dawn, Part 1",2015-03-01,11010,18357932
139980100,"The Twilight Saga: Breaking Dawn, Part 1",2015-03-08,11735,18369667
139980100,"The Twilight Saga: Breaking Dawn, Part 1",2015-03-15,15002,18384669
139980100,"The Twilight Saga: Breaking Dawn, Part 1",2015-03-22,15567,18400236
139980100,"The Twilight Saga: Breaking Dawn, Part 1",2015-03-29,9839,18410075
139980100,"The Twilight Saga: Breaking Dawn, Part 1",2015-04-05,15071,18425146
139980100,"The Twilight Saga: Breaking Dawn, Part 1",2015-04-12,9394,18434540
139980100,"The Twilight Saga: Breaking Dawn, Part 1",2015-04-19,6536,18441076
139980100,"The Twilight Saga: Breaking Dawn, Part 1",2015-04-26,9010,18450086
139980100,"The Twilight Saga: Breaking Dawn, Part 1",2015-05-03,10067,18460153
139980100,"The Twilight Saga: Breaking Dawn, Part 1",2015-05-10,8107,18468260
139980100,"The Twilight Saga: Breaking Dawn, Part 1",2015-05-17,5765,18474025
139980100,"The Twilight Saga: Breaking Dawn, Part 1",2015-05-24,5048,18479073
139980100,"The Twilight Saga: Breaking Dawn, Part 1",2015-05-31,5646,18484719
139980100,"The Twilight Saga: Breaking Dawn, Part 1",2015-06-07,4380,18489099
139980100,"The Twilight Saga: Breaking Dawn, Part 1",2015-06-14,4347,18493446
139980100,"The Twilight Saga: Breaking Dawn, Part 1",2015-06-21,4018,18497464
139980100,"The Twilight Saga: Breaking Dawn, Part 1",2015-06-28,3761,18501225
139980100,"The Twilight Saga: Breaking Dawn, Part 1",2015-07-05,3531,18504756
139980100,"The Twilight Saga: Breaking Dawn, Part 1",2015-07-12,6635,18511391
139980100,"The Twilight Saga: Breaking Dawn, Part 1",2015-07-19,6337,18517728
139980100,"The Twilight Saga: Breaking Dawn, Part 1",2015-07-26,5875,18523603
139980100,"The Twilight Saga: Breaking Dawn, Part 1",2015-08-02,5734,18529337
139980100,"The Twilight Saga: Breaking Dawn, Part 1",2015-08-09,4592,18533929
139980100,"The Twilight Saga: Breaking Dawn, Part 1",2015-08-16,3758,18537687
139980100,"The Twilight Saga: Breaking Dawn, Part 1",2015-08-23,4779,18542466
139980100,"The Twilight Saga: Breaking Dawn, Part 1",2015-08-30,4520,18546986
139980100,"The Twilight Saga: Breaking Dawn, Part 1",2015-09-06,6809,18553795
139980100,"The Twilight Saga: Breaking Dawn, Part 1",2015-09-13,5990,18559785
139980100,"The Twilight Saga: Breaking Dawn, Part 1",2015-09-20,4414,18564199
139980100,"The Twilight Saga: Breaking Dawn, Part 1",2015-09-27,5308,18569507
139980100,"The Twilight Saga: Breaking Dawn, Part 1",2015-10-04,1985,18571492
139980100,"The Twilight Saga: Breaking Dawn, Part 1",2015-10-11,2352,18573844
139980100,"The Twilight Saga: Breaking Dawn, Part 1",2015-10-18,2539,18576383
139980100,"The Twilight Saga: Breaking Dawn, Part 1",2015-10-25,2100,18578483
139980100,"The Twilight Saga: Breaking Dawn, Part 1",2015-11-01,2692,18581175
139980100,"The Twilight Saga: Breaking Dawn, Part 1",2015-11-08,3388,18584563
139980100,"The Twilight Saga: Breaking Dawn, Part 1",2015-11-15,2261,18586824
139980100,"The Twilight Saga: Breaking Dawn, Part 1",2015-11-22,3480,18590304
139980100,"The Twilight Saga: Breaking Dawn, Part 1",2015-11-29,4302,18594606
139980100,"The Twilight Saga: Breaking Dawn, Part 1",2015-12-06,7580,18602186
139980100,"The Twilight Saga: Breaking Dawn, Part 1",2015-12-13,4731,18606917
139980100,"The Twilight Saga: Breaking Dawn, Part 1",2015-12-20,3885,18610802
139980100,"The Twilight Saga: Breaking Dawn, Part 1",2015-12-27,3969,18614771
139980100,"The Twilight Saga: Breaking Dawn, Part 1",2016-01-03,8952,18623723
139980100,"The Twilight Saga: Breaking Dawn, Part 1",2016-01-10,8939,18632662
139980100,"The Twilight Saga: Breaking Dawn, Part 1",2016-01-17,7015,18639677
139980100,"The Twilight Saga: Breaking Dawn, Part 1",2016-01-24,7618,18647295
139980100,"The Twilight Saga: Breaking Dawn, Part 1",2016-01-31,6001,18653296
139980100,"The Twilight Saga: Breaking Dawn, Part 1",2016-02-07,5972,18659268
139980100,"The Twilight Saga: Breaking Dawn, Part 1",2016-02-14,8327,18667595
139980100,"The Twilight Saga: Breaking Dawn, Part 1",2016-02-21,5378,18672973
139980100,"The Twilight Saga: Breaking Dawn, Part 1",2016-02-28,5492,18678465
139980100,"The Twilight Saga: Breaking Dawn, Part 1",2016-03-06,5161,18683626
139980100,"The Twilight Saga: Breaking Dawn, Part 1",2016-03-13,4261,18687887
139980100,"The Twilight Saga: Breaking Dawn, Part 1",2016-03-20,5584,18693471
139980100,"The Twilight Saga: Breaking Dawn, Part 1",2016-03-27,4248,18697719
139980100,"The Twilight Saga: Breaking Dawn, Part 1",2016-04-03,4315,18702034
139980100,"The Twilight Saga: Breaking Dawn, Part 1",2016-04-10,5276,18707310
139980100,"The Twilight Saga: Breaking Dawn, Part 1",2016-04-17,5036,18712346
139980100,"The Twilight Saga: Breaking Dawn, Part 1",2016-04-24,3393,18715739
139980100,"The Twilight Saga: Breaking Dawn, Part 1",2016-05-01,3449,18719188
139980100,"The Twilight Saga: Breaking Dawn, Part 1",2016-05-08,3912,18723100
139980100,"The Twilight Saga: Breaking Dawn, Part 1",2016-05-15,4048,18727148
139980100,"The Twilight Saga: Breaking Dawn, Part 1",2016-05-22,3829,18730977
139980100,"The Twilight Saga: Breaking Dawn, Part 1",2016-05-29,3257,18734234
139980100,"The Twilight Saga: Breaking Dawn, Part 1",2016-06-05,3265,18737499
139980100,"The Twilight Saga: Breaking Dawn, Part 1",2016-06-12,4123,18741622
139980100,"The Twilight Saga: Breaking Dawn, Part 1",2016-06-19,3022,18744644
139980100,"The Twilight Saga: Breaking Dawn, Part 1",2016-06-26,1632,18746276
139980100,"The Twilight Saga: Breaking Dawn, Part 1",2016-07-03,3396,18749672
139980100,"The Twilight Saga: Breaking Dawn, Part 1",2016-07-10,3334,18753006
139980100,"The Twilight Saga: Breaking Dawn, Part 1",2016-07-17,2896,18755902
139980100,"The Twilight Saga: Breaking Dawn, Part 1",2016-07-24,3410,18759312
139980100,"The Twilight Saga: Breaking Dawn, Part 1",2016-07-31,2063,18761375
139980100,"The Twilight Saga: Breaking Dawn, Part 1",2016-08-07,1966,18763341
139980100,"The Twilight Saga: Breaking Dawn, Part 1",2016-08-14,2189,18765530
139980100,"The Twilight Saga: Breaking Dawn, Part 1",2016-08-21,2677,18768207
139980100,"The Twilight Saga: Breaking Dawn, Part 1",2016-08-28,3749,18771956
139980100,"The Twilight Saga: Breaking Dawn, Part 1",2016-09-04,3622,18775578
139980100,"The Twilight Saga: Breaking Dawn, Part 1",2016-09-11,2358,18777936
139980100,"The Twilight Saga: Breaking Dawn, Part 1",2016-09-18,1585,18779521
139980100,"The Twilight Saga: Breaking Dawn, Part 1",2016-09-25,1734,18781255
139980100,"The Twilight Saga: Breaking Dawn, Part 1",2016-10-02,1102,18782357
139980100,"The Twilight Saga: Breaking Dawn, Part 1",2016-10-09,1161,18783518
139980100,"The Twilight Saga: Breaking Dawn, Part 1",2016-10-16,1515,18785033
139980100,"The Twilight Saga: Breaking Dawn, Part 1",2016-10-23,1308,18786341
139980100,"The Twilight Saga: Breaking Dawn, Part 1",2016-10-30,1254,18787595
139980100,"The Twilight Saga: Breaking Dawn, Part 1",2016-11-06,2237,18789832
139980100,"The Twilight Saga: Breaking Dawn, Part 1",2016-11-13,1456,18791288
139980100,"The Twilight Saga: Breaking Dawn, Part 1",2016-11-20,1447,18792735
139980100,"The Twilight Saga: Breaking Dawn, Part 1",2016-11-27,1640,18794375
139980100,"The Twilight Saga: Breaking Dawn, Part 1",2016-12-04,2396,18796771
139980100,"The Twilight Saga: Breaking Dawn, Part 1",2016-12-11,2386,18799157
139980100,"The Twilight Saga: Breaking Dawn, Part 1",2016-12-18,2428,18801585
139980100,"The Twilight Saga: Breaking Dawn, Part 1",2016-12-25,1691,18803276
139980100,"The Twilight Saga: Breaking Dawn, Part 1",2017-01-01,3691,18806967
139980100,"The Twilight Saga: Breaking Dawn, Part 1",2017-01-08,4827,18811794
139980100,"The Twilight Saga: Breaking Dawn, Part 1",2017-01-15,3565,18815359
139980100,"The Twilight Saga: Breaking Dawn, Part 1",2017-01-22,3669,18819028
139980100,"The Twilight Saga: Breaking Dawn, Part 1",2017-01-29,3031,18822059
139980100,"The Twilight Saga: Breaking Dawn, Part 1",2017-02-05,3601,18825660
139980100,"The Twilight Saga: Breaking Dawn, Part 1",2017-02-12,6704,18832364
139980100,"The Twilight Saga: Breaking Dawn, Part 1",2017-02-19,9538,18841902
139980100,"The Twilight Saga: Breaking Dawn, Part 1",2017-02-26,9431,18851333
139980100,"The Twilight Saga: Breaking Dawn, Part 1",2017-03-05,6674,18858007
139980100,"The Twilight Saga: Breaking Dawn, Part 1",2017-03-12,2802,18860809
139980100,"The Twilight Saga: Breaking Dawn, Part 1",2017-03-19,3077,18863886
139980100,"The Twilight Saga: Breaking Dawn, Part 1",2017-03-26,2374,18866260
139980100,"The Twilight Saga: Breaking Dawn, Part 1",2017-04-02,1792,18868052
139980100,"The Twilight Saga: Breaking Dawn, Part 1",2017-04-09,2408,18870460
139980100,"The Twilight Saga: Breaking Dawn, Part 1",2017-04-16,2216,18872676
139980100,"The Twilight Saga: Breaking Dawn, Part 1",2017-04-23,2308,18874984
139980100,"The Twilight Saga: Breaking Dawn, Part 1",2017-04-30,1627,18876611
139980100,"The Twilight Saga: Breaking Dawn, Part 1",2017-05-07,1316,18877927
139980100,"The Twilight Saga: Breaking Dawn, Part 1",2017-05-14,792,18878719
139980100,"The Twilight Saga: Breaking Dawn, Part 1",2017-05-21,1100,18879819
139980100,"The Twilight Saga: Breaking Dawn, Part 1",2017-05-28,1118,18880937
139980100,"The Twilight Saga: Breaking Dawn, Part 1",2017-06-04,1512,18882449
139980100,"The Twilight Saga: Breaking Dawn, Part 1",2017-06-11,1957,18884406
139980100,"The Twilight Saga: Breaking Dawn, Part 1",2017-06-18,1192,18885598
139980100,"The Twilight Saga: Breaking Dawn, Part 1",2017-06-25,1596,18887194
139980100,"The Twilight Saga: Breaking Dawn, Part 1",2017-07-02,810,18888004
139980100,"The Twilight Saga: Breaking Dawn, Part 1",2017-07-09,2304,18890308
139980100,"The Twilight Saga: Breaking Dawn, Part 1",2017-07-16,2838,18893146
139980100,"The Twilight Saga: Breaking Dawn, Part 1",2017-07-23,1583,18894729
139980100,"The Twilight Saga: Breaking Dawn, Part 1",2017-07-30,2191,18896920
139980100,"The Twilight Saga: Breaking Dawn, Part 1",2017-08-06,978,18897898
139980100,"The Twilight Saga: Breaking Dawn, Part 1",2017-08-13,2324,18900222
139980100,"The Twilight Saga: Breaking Dawn, Part 1",2017-08-20,1577,18901799
139980100,"The Twilight Saga: Breaking Dawn, Part 1",2017-08-27,1342,18903141
139980100,"The Twilight Saga: Breaking Dawn, Part 1",2017-09-03,1370,18904511
139980100,"The Twilight Saga: Breaking Dawn, Part 1",2017-09-10,1761,18906272
139980100,"The Twilight Saga: Breaking Dawn, Part 1",2017-09-17,1591,18907863
139980100,"The Twilight Saga: Breaking Dawn, Part 1",2017-09-24,932,18908795
139980100,"The Twilight Saga: Breaking Dawn, Part 1",2017-10-01,1169,18909964
139980100,"The Twilight Saga: Breaking Dawn, Part 1",2017-10-08,686,18910650
139980100,"The Twilight Saga: Breaking Dawn, Part 1",2017-10-15,722,18911372
139980100,"The Twilight Saga: Breaking Dawn, Part 1",2017-10-22,985,18912357
139980100,"The Twilight Saga: Breaking Dawn, Part 1",2017-10-29,806,18913163
139980100,"The Twilight Saga: Breaking Dawn, Part 1",2017-11-05,405,18913568
139980100,"The Twilight Saga: Breaking Dawn, Part 1",2017-11-12,486,18914054
139980100,"The Twilight Saga: Breaking Dawn, Part 1",2017-11-19,898,18914952
139980100,"The Twilight Saga: Breaking Dawn, Part 1",2017-11-26,649,18915601
139980100,"The Twilight Saga: Breaking Dawn, Part 1",2017-12-03,1078,18916679
139980100,"The Twilight Saga: Breaking Dawn, Part 1",2017-12-10,1138,18917817
139980100,"The Twilight Saga: Breaking Dawn, Part 1",2017-12-17,1355,18919172
139980100,"The Twilight Saga: Breaking Dawn, Part 1",2017-12-24,1546,18920718
139980100,"The Twilight Saga: Breaking Dawn, Part 1",2017-12-31,768,18921486
139980100,"The Twilight Saga: Breaking Dawn, Part 1",2018-01-07,855,18922341
139980100,"The Twilight Saga: Breaking Dawn, Part 1",2018-01-14,831,18923172
139980100,"The Twilight Saga: Breaking Dawn, Part 1",2018-01-21,694,18923866
139980100,"The Twilight Saga: Breaking Dawn, Part 1",2018-01-28,818,18924684
139990100,"The Twilight Saga: Breaking Dawn, Part 2",2013-03-03,6446219,6446219
139990100,"The Twilight Saga: Breaking Dawn, Part 2",2013-03-10,4099341,10545560
139990100,"The Twilight Saga: Breaking Dawn, Part 2",2013-03-17,1017079,11562639
139990100,"The Twilight Saga: Breaking Dawn, Part 2",2013-03-24,132461,11695100
139990100,"The Twilight Saga: Breaking Dawn, Part 2",2013-03-31,146343,11841443
139990100,"The Twilight Saga: Breaking Dawn, Part 2",2013-04-07,291103,12132546
139990100,"The Twilight Saga: Breaking Dawn, Part 2",2013-04-14,275801,12408347
139990100,"The Twilight Saga: Breaking Dawn, Part 2",2013-04-21,253582,12661929
139990100,"The Twilight Saga: Breaking Dawn, Part 2",2013-04-28,246987,12908916
139990100,"The Twilight Saga: Breaking Dawn, Part 2",2013-05-12,199700,13108616
140050100,Red,2011-01-30,2352899,2352899
140050100,Red,2011-02-06,825969,3178868
140050100,Red,2011-02-13,503730,3682598
140050100,Red,2011-02-20,224074,3906672
140050100,Red,2011-02-27,171260,4077932
140050100,Red,2011-03-06,116883,4194815
140050100,Red,2011-03-13,139079,4333894
140050100,Red,2011-03-20,93557,4427451
140050100,Red,2011-03-27,91259,4518710
140050100,Red,2011-04-03,60157,4578867
140050100,Red,2011-04-10,107346,4686213
140050100,Red,2011-04-17,19156,4705369
140050100,Red,2011-04-24,119305,4824674
140050100,Red,2011-05-01,17788,4842462
140050100,Red,2011-05-08,110338,4952800
140050100,Red,2011-05-15,13384,4966184
140050100,Red,2011-05-22,101529,5067713
140050100,Red,2011-05-29,7431,5075144
140050100,Red,2011-06-05,6581,5081725
140050100,Red,2011-06-12,8042,5089767
140050100,Red,2011-06-19,6041,5095808
140050100,Red,2011-06-26,5708,5101516
140050100,Red,2011-07-03,5478,5106994
140050100,Red,2011-07-10,7282,5114276
140050100,Red,2011-07-17,28348,5142624
140050100,Red,2011-07-24,5452,5148076
140050100,Red,2011-07-31,4534,5152610
140050100,Red,2011-08-07,4860,5157470
140050100,Red,2011-08-14,4738,5162208
140050100,Red,2011-08-21,6573,5168781
140050100,Red,2011-08-28,6707,5175488
140050100,Red,2011-09-04,8408,5183896
140050100,Red,2011-09-11,11307,5195203
140050100,Red,2011-09-18,9691,5204894
140050100,Red,2011-09-25,6491,5211385
140050100,Red,2011-10-02,3005,5214390
140050100,Red,2011-10-09,4649,5219039
140050100,Red,2011-10-16,3817,5222856
140050100,Red,2011-10-23,3047,5225903
140050100,Red,2011-10-30,3252,5229155
140050100,Red,2011-11-06,3155,5232310
140050100,Red,2011-11-27,11368,5243678
140050100,Red,2011-12-04,2897,5246575
140050100,Red,2011-12-11,1978,5248553
140050100,Red,2011-12-18,2739,5251292
140050100,Red,2011-12-25,4336,5255628
140050100,Red,2012-01-01,2905,5258533
140050100,Red,2012-01-08,3868,5262401
140050100,Red,2012-01-15,3872,5266273
140050100,Red,2012-01-22,2920,5269193
140050100,Red,2012-01-29,1641,5270834
140050100,Red,2012-02-05,1680,5272514
140050100,Red,2012-02-12,1487,5274001
140050100,Red,2012-02-19,996,5274997
140050100,Red,2012-02-26,1645,5276642
140050100,Red,2012-03-04,2117,5278759
140050100,Red,2012-03-11,1288,5280047
140050100,Red,2012-03-18,1332,5281379
140050100,Red,2012-03-25,1344,5282723
140050100,Red,2012-04-01,1536,5284259
140050100,Red,2012-04-08,1566,5285825
140050100,Red,2012-04-15,1530,5287355
140050100,Red,2012-04-22,1670,5289025
140050100,Red,2012-04-29,2291,5291316
140050100,Red,2012-05-06,2302,5293618
140050100,Red,2012-05-13,1592,5295210
140050100,Red,2012-05-20,1258,5296468
140050100,Red,2012-05-27,1639,5298107
140050100,Red,2012-06-03,1492,5299599
140050100,Red,2012-06-10,1238,5300837
140050100,Red,2012-06-17,1341,5302178
140050100,Red,2012-06-24,1244,5303422
140050100,Red,2012-07-01,740,5304162
140050100,Red,2012-07-08,860,5305022
140050100,Red,2012-07-15,1313,5306335
140050100,Red,2012-07-22,1312,5307647
140050100,Red,2012-07-29,960,5308607
140050100,Red,2012-08-05,1172,5309779
140050100,Red,2012-08-12,941,5310720
140050100,Red,2012-08-19,887,5311607
140050100,Red,2012-08-26,870,5312477
140050100,Red,2012-09-02,1488,5313965
140050100,Red,2012-09-09,982,5314947
140050100,Red,2012-09-16,455,5315402
140050100,Red,2012-09-23,3649,5319051
140050100,Red,2012-09-30,4483,5323534
140050100,Red,2012-10-07,2886,5326420
140050100,Red,2012-10-14,5545,5331965
140050100,Red,2012-10-21,5064,5337029
140050100,Red,2012-10-28,3533,5340562
140050100,Red,2012-11-04,3585,5344147
140050100,Red,2012-11-11,6318,5350465
140050100,Red,2012-11-18,12301,5362766
140050100,Red,2012-11-25,7843,5370609
140050100,Red,2012-12-02,10570,5381179
140050100,Red,2012-12-09,4850,5386029
140050100,Red,2012-12-16,8509,5394538
140050100,Red,2012-12-23,7801,5402339
140050100,Red,2012-12-30,6932,5409271
140050100,Red,2013-01-06,6866,5416137
140050100,Red,2013-01-13,3950,5420087
140050100,Red,2013-01-20,4608,5424695
140050100,Red,2013-01-27,4625,5429320
140050100,Red,2013-02-03,3749,5433069
140050100,Red,2013-02-10,3965,5437034
140050100,Red,2013-02-17,4076,5441110
140050100,Red,2013-02-24,3746,5444856
140050100,Red,2013-03-03,4131,5448987
140050100,Red,2013-03-10,4469,5453456
140050100,Red,2013-03-17,3860,5457316
140050100,Red,2013-03-24,3802,5461118
140050100,Red,2013-03-31,3789,5464907
140050100,Red,2013-04-07,6353,5471260
140050100,Red,2013-04-14,5890,5477150
140050100,Red,2013-04-21,5507,5482657
140050100,Red,2013-04-28,6303,5488960
140050100,Red,2013-05-05,6664,5495624
140050100,Red,2013-05-12,5759,5501383
140050100,Red,2013-05-19,5376,5506759
140050100,Red,2013-05-26,5500,5512259
140050100,Red,2013-06-02,4762,5517021
140050100,Red,2013-06-09,10662,5527683
140050100,Red,2013-06-16,12541,5540224
140050100,Red,2013-06-23,19961,5560185
140050100,Red,2013-06-30,62297,5622482
140050100,Red,2013-07-07,109900,5732382
140050100,Red,2013-07-14,80740,5813122
140050100,Red,2013-07-21,91638,5904760
140050100,Red,2013-07-28,191459,6096219
140050100,Red,2013-08-04,83566,6179785
140050100,Red,2013-08-11,83500,6263285
140050100,Red,2013-08-18,91088,6354373
140050100,Red,2013-08-25,70516,6424889
140050100,Red,2013-09-01,50831,6475720
140050100,Red,2013-09-08,43192,6518912
140050100,Red,2013-09-15,31583,6550495
140050100,Red,2013-09-22,22784,6573279
140050100,Red,2013-09-29,10624,6583903
140050100,Red,2013-10-06,11686,6595589
140050100,Red,2013-10-13,9498,6605087
140050100,Red,2013-10-20,11169,6616256
140050100,Red,2013-10-27,8626,6624882
140050100,Red,2013-11-03,10602,6635484
140050100,Red,2013-11-10,6046,6641530
140050100,Red,2013-11-17,10201,6651731
140050100,Red,2013-11-24,14956,6666687
140050100,Red,2013-12-01,57052,6723739
140050100,Red,2013-12-08,19815,6743554
140050100,Red,2013-12-15,3548,6747102
140050100,Red,2013-12-22,9020,6756122
140050100,Red,2013-12-29,18435,6774557
140050100,Red,2014-01-05,20058,6794615
140050100,Red,2014-01-12,15249,6809864
140050100,Red,2014-01-19,15899,6825763
140050100,Red,2014-01-26,11479,6837242
140050100,Red,2014-02-02,11624,6848866
140050100,Red,2014-02-09,11934,6860800
140050100,Red,2014-02-16,11897,6872697
140050100,Red,2014-02-23,10195,6882892
140050100,Red,2014-03-02,9623,6892515
140050100,Red,2014-03-09,9395,6901910
140050100,Red,2014-03-16,8534,6910444
140050100,Red,2014-03-23,8230,6918674
140050100,Red,2014-03-30,5703,6924377
140050100,Red,2014-04-06,7355,6931732
140050100,Red,2014-04-13,7295,6939027
140050100,Red,2014-04-20,5493,6944520
140050100,Red,2014-04-27,4687,6949207
140050100,Red,2014-05-04,4656,6953863
140050100,Red,2014-05-11,4858,6958721
140050100,Red,2014-05-18,4769,6963490
140050100,Red,2014-05-25,5050,6968540
140050100,Red,2014-06-01,6551,6975091
140050100,Red,2014-06-08,9206,6984297
140050100,Red,2014-06-15,11452,6995749
140050100,Red,2014-06-22,8888,7004637
140050100,Red,2014-06-29,9567,7014204
140050100,Red,2014-07-06,15101,7029305
140050100,Red,2014-07-13,8195,7037500
140050100,Red,2014-07-20,8617,7046117
140050100,Red,2014-07-27,7451,7053568
140050100,Red,2014-08-03,6741,7060309
140050100,Red,2014-08-10,5623,7065932
140050100,Red,2014-08-17,2165,7068097
140050100,Red,2014-08-24,8325,7076422
140050100,Red,2014-08-31,7531,7083953
140050100,Red,2014-09-07,6401,7090354
140050100,Red,2014-09-14,6910,7097264
140050100,Red,2014-09-21,7738,7105002
140050100,Red,2014-09-28,6462,7111464
140050100,Red,2014-10-05,1737,7113201
140050100,Red,2014-10-12,3437,7116638
140050100,Red,2014-10-19,2988,7119626
140050100,Red,2014-10-26,3343,7122969
140050100,Red,2014-11-02,2981,7125950
140050100,Red,2014-11-09,3898,7129848
140050100,Red,2014-11-16,4256,7134104
140050100,Red,2014-11-23,4020,7138124
140050100,Red,2014-11-30,5332,7143456
140050100,Red,2014-12-07,6519,7149975
140050100,Red,2014-12-14,6692,7156667
140050100,Red,2014-12-21,5245,7161912
140050100,Red,2014-12-28,4521,7166433
140050100,Red,2015-01-04,10681,7177114
140050100,Red,2015-01-11,7891,7185005
140050100,Red,2015-01-18,8635,7193640
140050100,Red,2015-01-25,8493,7202133
140050100,Red,2015-02-01,6690,7208823
140050100,Red,2015-02-08,9133,7217956
140050100,Red,2015-02-15,7646,7225602
140050100,Red,2015-02-22,4613,7230215
140050100,Red,2015-03-01,5053,7235268
140050100,Red,2015-03-08,5752,7241020
140050100,Red,2015-03-15,4369,7245389
140050100,Red,2015-03-22,3940,7249329
140050100,Red,2015-03-29,4988,7254317
140050100,Red,2015-04-05,8566,7262883
140050100,Red,2015-04-12,7186,7270069
140050100,Red,2015-04-19,7077,7277146
140050100,Red,2015-04-26,6495,7283641
140050100,Red,2015-05-03,5847,7289488
140050100,Red,2015-05-10,5058,7294546
140050100,Red,2015-05-17,4587,7299133
140050100,Red,2015-05-24,7848,7306981
140050100,Red,2015-05-31,5052,7312033
140050100,Red,2015-06-07,8147,7320180
140050100,Red,2015-06-14,5315,7325495
140050100,Red,2015-06-21,6928,7332423
140050100,Red,2015-06-28,5935,7338358
140050100,Red,2015-07-05,7164,7345522
140050100,Red,2015-07-12,6587,7352109
140050100,Red,2015-07-19,6996,7359105
140050100,Red,2015-07-26,6259,7365364
140050100,Red,2015-08-02,7903,7373267
140050100,Red,2015-08-09,6495,7379762
140050100,Red,2015-08-16,5338,7385100
140050100,Red,2015-08-23,5138,7390238
140050100,Red,2015-08-30,4392,7394630
140050100,Red,2015-09-06,4988,7399618
140050100,Red,2015-09-13,5021,7404639
140050100,Red,2015-09-20,5211,7409850
140050100,Red,2015-09-27,7333,7417183
140050100,Red,2015-10-04,3316,7420499
140050100,Red,2015-10-11,2865,7423364
140050100,Red,2015-10-18,2914,7426278
140050100,Red,2015-10-25,2384,7428662
140050100,Red,2015-11-01,1959,7430621
140050100,Red,2015-11-08,3768,7434389
140050100,Red,2015-11-15,1947,7436336
140050100,Red,2015-11-22,2902,7439238
140050100,Red,2015-11-29,3423,7442661
140050100,Red,2015-12-06,5769,7448430
140050100,Red,2015-12-13,5565,7453995
140050100,Red,2015-12-20,4851,7458846
140050100,Red,2015-12-27,5105,7463951
140050100,Red,2016-01-03,8209,7472160
140050100,Red,2016-01-10,7151,7479311
140050100,Red,2016-01-17,8061,7487372
140050100,Red,2016-01-24,13825,7501197
140050100,Red,2016-01-31,7341,7508538
140050100,Red,2016-02-07,5833,7514371
140050100,Red,2016-02-14,5302,7519673
140050100,Red,2016-02-21,4627,7524300
140050100,Red,2016-02-28,4899,7529199
140050100,Red,2016-03-06,5137,7534336
140050100,Red,2016-03-13,3856,7538192
140050100,Red,2016-03-20,3541,7541733
140050100,Red,2016-03-27,3284,7545017
140050100,Red,2016-04-03,7769,7552786
140050100,Red,2016-04-10,4735,7557521
140050100,Red,2016-04-17,3825,7561346
140050100,Red,2016-04-24,3444,7564790
140050100,Red,2016-05-01,6837,7571627
140050100,Red,2016-05-08,5198,7576825
140050100,Red,2016-05-15,3720,7580545
140050100,Red,2016-05-22,2885,7583430
140050100,Red,2016-05-29,3572,7587002
140050100,Red,2016-06-05,6899,7593901
140050100,Red,2016-06-12,4511,7598412
140050100,Red,2016-06-19,4998,7603410
140050100,Red,2016-06-26,3186,7606596
140050100,Red,2016-07-03,6210,7612806
140050100,Red,2016-07-10,5272,7618078
140050100,Red,2016-07-17,8159,7626237
140050100,Red,2016-07-24,5920,7632157
140050100,Red,2016-07-31,5188,7637345
140050100,Red,2016-08-07,8126,7645471
140050100,Red,2016-08-14,4980,7650451
140050100,Red,2016-08-21,5846,7656297
140050100,Red,2016-08-28,4163,7660460
140050100,Red,2016-09-04,7661,7668121
140050100,Red,2016-09-11,5306,7673427
140050100,Red,2016-09-18,3794,7677221
140050100,Red,2016-09-25,4420,7681641
140050100,Red,2016-10-02,3569,7685210
140050100,Red,2016-10-09,2963,7688173
140050100,Red,2016-10-16,5018,7693191
140050100,Red,2016-10-23,3163,7696354
140050100,Red,2016-10-30,2404,7698758
140050100,Red,2016-11-06,3008,7701766
140050100,Red,2016-11-13,3816,7705582
140050100,Red,2016-11-20,4523,7710105
140050100,Red,2016-11-27,4701,7714806
140050100,Red,2016-12-04,5173,7719979
140050100,Red,2016-12-11,5150,7725129
140050100,Red,2016-12-18,6117,7731246
140050100,Red,2016-12-25,7202,7738448
140050100,Red,2017-01-01,10333,7748781
140050100,Red,2017-01-08,10996,7759777
140050100,Red,2017-01-15,8384,7768161
140050100,Red,2017-01-22,12986,7781147
140050100,Red,2017-01-29,14982,7796129
140050100,Red,2017-02-05,8991,7805120
140050100,Red,2017-02-12,11704,7816824
140050100,Red,2017-02-19,10997,7827821
140050100,Red,2017-02-26,8325,7836146
140050100,Red,2017-03-05,6213,7842359
140050100,Red,2017-03-12,6396,7848755
140050100,Red,2017-03-19,5543,7854298
140050100,Red,2017-03-26,5248,7859546
140050100,Red,2017-04-02,6418,7865964
140050100,Red,2017-04-09,6973,7872937
140050100,Red,2017-04-16,6208,7879145
140050100,Red,2017-04-23,3944,7883089
140050100,Red,2017-04-30,2784,7885873
140050100,Red,2017-05-07,4635,7890508
140050100,Red,2017-05-14,4977,7895485
140050100,Red,2017-05-21,4205,7899690
140050100,Red,2017-05-28,3436,7903126
140050100,Red,2017-06-04,3928,7907054
140050100,Red,2017-06-11,5181,7912235
140050100,Red,2017-06-18,6477,7918712
140050100,Red,2017-06-25,4278,7922990
140050100,Red,2017-07-02,6092,7929082
140050100,Red,2017-07-09,4084,7933166
140050100,Red,2017-07-16,5561,7938727
140050100,Red,2017-07-23,4678,7943405
140050100,Red,2017-07-30,4199,7947604
140050100,Red,2017-08-06,5363,7952967
140050100,Red,2017-08-13,9070,7962037
140050100,Red,2017-08-20,3293,7965330
140050100,Red,2017-08-27,6378,7971708
140050100,Red,2017-09-03,5254,7976962
140050100,Red,2017-09-10,9277,7986239
140050100,Red,2017-09-17,5773,7992012
140050100,Red,2017-09-24,7010,7999022
140050100,Red,2017-10-01,4705,8003727
140050100,Red,2017-10-08,4147,8007874
140050100,Red,2017-10-15,3337,8011211
140050100,Red,2017-10-22,2685,8013896
140050100,Red,2017-10-29,3442,8017338
140050100,Red,2017-11-05,2237,8019575
140050100,Red,2017-11-12,3191,8022766
140050100,Red,2017-11-19,2560,8025326
140050100,Red,2017-11-26,5551,8030877
140050100,Red,2017-12-03,3790,8034667
140050100,Red,2017-12-10,5002,8039669
140050100,Red,2017-12-17,4373,8044042
140050100,Red,2017-12-24,4541,8048583
140050100,Red,2017-12-31,5537,8054120
140050100,Red,2018-01-07,3767,8057887
140050100,Red,2018-01-14,3807,8061694
140050100,Red,2018-01-21,2772,8064466
140050100,Red,2018-01-28,2574,8067040
140070100,The Warrior's Way,2011-07-03,234054,234054
140070100,The Warrior's Way,2011-07-10,120379,354433
140070100,The Warrior's Way,2011-07-17,45778,400211
140070100,The Warrior's Way,2011-07-24,48572,448783
140070100,The Warrior's Way,2011-07-31,34890,483673
140070100,The Warrior's Way,2011-08-07,26396,510069
140070100,The Warrior's Way,2011-08-14,16943,527012
140070100,The Warrior's Way,2011-08-21,16858,543870
140070100,The Warrior's Way,2011-08-28,13734,557604
140070100,The Warrior's Way,2011-09-04,16006,573610
140070100,The Warrior's Way,2011-09-11,12892,586502
140070100,The Warrior's Way,2011-09-18,9420,595922
140070100,The Warrior's Way,2011-09-25,9830,605752
140070100,The Warrior's Way,2011-10-02,4448,610200
140070100,The Warrior's Way,2011-10-09,5556,615756
140070100,The Warrior's Way,2011-10-16,5264,621020
140070100,The Warrior's Way,2011-10-23,4191,625211
140070100,The Warrior's Way,2011-10-30,4989,630200
140070100,The Warrior's Way,2011-11-06,3664,633864
140070100,The Warrior's Way,2011-11-20,1511,635375
140070100,The Warrior's Way,2011-11-27,4391,639766
140070100,The Warrior's Way,2011-12-04,2483,642249
140070100,The Warrior's Way,2011-12-11,1786,644035
140070100,The Warrior's Way,2011-12-18,2084,646119
140070100,The Warrior's Way,2011-12-25,3916,650035
140070100,The Warrior's Way,2012-01-01,2762,652797
140070100,The Warrior's Way,2012-01-08,1989,654786
140070100,The Warrior's Way,2012-01-15,2884,657670
140070100,The Warrior's Way,2012-01-22,1983,659653
140070100,The Warrior's Way,2012-01-29,2732,662385
140070100,The Warrior's Way,2012-02-05,1757,664142
140070100,The Warrior's Way,2012-02-12,1676,665818
140070100,The Warrior's Way,2012-02-19,1620,667438
140070100,The Warrior's Way,2012-02-26,2304,669742
140070100,The Warrior's Way,2012-03-04,2133,671875
140070100,The Warrior's Way,2012-03-11,1339,673214
140070100,The Warrior's Way,2012-03-18,1308,674522
140070100,The Warrior's Way,2012-03-25,1337,675859
140070100,The Warrior's Way,2012-04-01,954,676813
140070100,The Warrior's Way,2012-04-08,2336,679149
140070100,The Warrior's Way,2012-04-15,2348,681497
140070100,The Warrior's Way,2012-04-22,1567,683064
140070100,The Warrior's Way,2012-04-29,1210,684274
140070100,The Warrior's Way,2012-05-06,1559,685833
140070100,The Warrior's Way,2012-05-13,1149,686982
140070100,The Warrior's Way,2012-05-20,2027,689009
140070100,The Warrior's Way,2012-05-27,1302,690311
140070100,The Warrior's Way,2012-06-03,1575,691886
140070100,The Warrior's Way,2012-06-10,1361,693247
140070100,The Warrior's Way,2012-06-17,967,694214
140070100,The Warrior's Way,2012-06-24,1221,695435
140070100,The Warrior's Way,2012-07-01,870,696305
140070100,The Warrior's Way,2012-07-08,613,696918
140070100,The Warrior's Way,2012-07-15,885,697803
140070100,The Warrior's Way,2012-07-22,735,698538
140070100,The Warrior's Way,2012-07-29,845,699383
140070100,The Warrior's Way,2012-08-05,864,700247
140070100,The Warrior's Way,2012-08-12,555,700802
140070100,The Warrior's Way,2012-08-19,496,701298
140070100,The Warrior's Way,2012-08-26,642,701940
140070100,The Warrior's Way,2012-09-02,1011,702951
140070100,The Warrior's Way,2012-09-09,1179,704130
140070100,The Warrior's Way,2012-09-16,629,704759
140070100,The Warrior's Way,2012-09-23,791,705550
140070100,The Warrior's Way,2012-09-30,577,706127
140070100,The Warrior's Way,2012-10-07,553,706680
140070100,The Warrior's Way,2012-10-14,1114,707794
140070100,The Warrior's Way,2012-10-21,956,708750
140070100,The Warrior's Way,2012-10-28,579,709329
140070100,The Warrior's Way,2012-11-04,568,709897
140070100,The Warrior's Way,2012-11-11,865,710762
140070100,The Warrior's Way,2012-11-18,450,711212
140070100,The Warrior's Way,2012-11-25,450,711662
140070100,The Warrior's Way,2012-12-02,448,712110
140070100,The Warrior's Way,2012-12-09,299,712409
140070100,The Warrior's Way,2012-12-16,396,712805
140070100,The Warrior's Way,2012-12-23,355,713160
140070100,The Warrior's Way,2012-12-30,389,713549
140070100,The Warrior's Way,2013-01-06,413,713962
140070100,The Warrior's Way,2013-01-13,402,714364
140070100,The Warrior's Way,2013-01-20,575,714939
140070100,The Warrior's Way,2013-01-27,745,715684
140070100,The Warrior's Way,2013-02-03,343,716027
140070100,The Warrior's Way,2013-02-10,403,716430
140070100,The Warrior's Way,2013-02-17,620,717050
140070100,The Warrior's Way,2013-02-24,443,717493
140070100,The Warrior's Way,2013-03-03,558,718051
140070100,The Warrior's Way,2013-03-10,380,718431
140070100,The Warrior's Way,2013-03-17,81,718512
140070100,The Warrior's Way,2013-03-24,0,718512
140070100,The Warrior's Way,2013-03-31,0,718512
140070100,The Warrior's Way,2013-04-07,218,718730
140070100,The Warrior's Way,2013-04-14,741,719471
140070100,The Warrior's Way,2013-04-21,701,720172
140070100,The Warrior's Way,2013-04-28,673,720845
140070100,The Warrior's Way,2013-05-05,778,721623
140070100,The Warrior's Way,2013-05-12,503,722126
140070100,The Warrior's Way,2013-05-19,482,722608
140070100,The Warrior's Way,2013-05-26,513,723121
140070100,The Warrior's Way,2013-06-02,667,723788
140070100,The Warrior's Way,2013-06-09,672,724460
140070100,The Warrior's Way,2013-06-16,556,725016
140070100,The Warrior's Way,2013-06-23,498,725514
140070100,The Warrior's Way,2013-06-30,386,725900
140070100,The Warrior's Way,2013-07-07,833,726733
140070100,The Warrior's Way,2013-07-14,658,727391
140070100,The Warrior's Way,2013-07-21,1211,728602
140070100,The Warrior's Way,2013-07-28,680,729282
140070100,The Warrior's Way,2013-08-04,788,730070
140070100,The Warrior's Way,2013-08-11,859,730929
140070100,The Warrior's Way,2013-08-18,736,731665
140070100,The Warrior's Way,2013-08-25,824,732489
140070100,The Warrior's Way,2013-09-01,1093,733582
140070100,The Warrior's Way,2013-09-08,1065,734647
140070100,The Warrior's Way,2013-09-15,866,735513
140070100,The Warrior's Way,2013-09-22,801,736314
140070100,The Warrior's Way,2013-09-29,609,736923
140070100,The Warrior's Way,2013-10-06,428,737351
140070100,The Warrior's Way,2013-10-13,710,738061
140070100,The Warrior's Way,2013-10-20,544,738605
140070100,The Warrior's Way,2013-10-27,637,739242
140070100,The Warrior's Way,2013-11-03,475,739717
140070100,The Warrior's Way,2013-11-10,421,740138
140070100,The Warrior's Way,2013-11-17,485,740623
140070100,The Warrior's Way,2013-11-24,500,741123
140070100,The Warrior's Way,2013-12-01,321,741444
140070100,The Warrior's Way,2013-12-08,63,741507
140070100,The Warrior's Way,2013-12-15,29,741536
140070100,The Warrior's Way,2013-12-22,271,741807
140070100,The Warrior's Way,2013-12-29,534,742341
140070100,The Warrior's Way,2014-01-05,417,742758
140070100,The Warrior's Way,2014-01-12,497,743255
140070100,The Warrior's Way,2014-01-19,251,743506
140070100,The Warrior's Way,2014-01-26,624,744130
140070100,The Warrior's Way,2014-02-02,655,744785
140070100,The Warrior's Way,2014-02-09,554,745339
140070100,The Warrior's Way,2014-02-16,993,746332
140070100,The Warrior's Way,2014-02-23,472,746804
140070100,The Warrior's Way,2014-03-02,1023,747827
140070100,The Warrior's Way,2014-03-09,558,748385
140070100,The Warrior's Way,2014-03-16,591,748976
140070100,The Warrior's Way,2014-03-23,843,749819
140070100,The Warrior's Way,2014-03-30,529,750348
140070100,The Warrior's Way,2014-04-06,394,750742
140070100,The Warrior's Way,2014-04-13,615,751357
140070100,The Warrior's Way,2014-04-20,563,751920
140070100,The Warrior's Way,2014-04-27,808,752728
140070100,The Warrior's Way,2014-05-04,1033,753761
140070100,The Warrior's Way,2014-05-11,817,754578
140070100,The Warrior's Way,2014-05-18,486,755064
140070100,The Warrior's Way,2014-05-25,582,755646
140070100,The Warrior's Way,2014-06-01,628,756274
140070100,The Warrior's Way,2014-06-08,689,756963
140070100,The Warrior's Way,2014-06-15,672,757635
140070100,The Warrior's Way,2014-06-22,533,758168
140070100,The Warrior's Way,2014-06-29,768,758936
140070100,The Warrior's Way,2014-07-06,1386,760322
140070100,The Warrior's Way,2014-07-13,1885,762207
140070100,The Warrior's Way,2014-07-20,1250,763457
140070100,The Warrior's Way,2014-07-27,1319,764776
140070100,The Warrior's Way,2014-08-03,1203,765979
140070100,The Warrior's Way,2014-08-10,1064,767043
140070100,The Warrior's Way,2014-08-17,1017,768060
140070100,The Warrior's Way,2014-08-24,1037,769097
140070100,The Warrior's Way,2014-08-31,675,769772
140070100,The Warrior's Way,2014-09-07,638,770410
140070100,The Warrior's Way,2014-09-14,1136,771546
140070100,The Warrior's Way,2014-09-21,962,772508
140070100,The Warrior's Way,2014-09-28,616,773124
140070100,The Warrior's Way,2014-10-05,520,773644
140070100,The Warrior's Way,2014-10-12,408,774052
140070100,The Warrior's Way,2014-10-19,506,774558
140070100,The Warrior's Way,2014-10-26,285,774843
140070100,The Warrior's Way,2014-11-02,378,775221
140070100,The Warrior's Way,2014-11-09,555,775776
140070100,The Warrior's Way,2014-11-16,377,776153
140070100,The Warrior's Way,2014-11-23,317,776470
140070100,The Warrior's Way,2014-11-30,626,777096
140070100,The Warrior's Way,2014-12-07,377,777473
140070100,The Warrior's Way,2014-12-14,516,777989
140070100,The Warrior's Way,2014-12-21,514,778503
140070100,The Warrior's Way,2014-12-28,558,779061
140070100,The Warrior's Way,2015-01-04,758,779819
140070100,The Warrior's Way,2015-01-11,704,780523
140070100,The Warrior's Way,2015-01-18,650,781173
140070100,The Warrior's Way,2015-01-25,646,781819
140070100,The Warrior's Way,2015-02-01,643,782462
140070100,The Warrior's Way,2015-02-08,1107,783569
140070100,The Warrior's Way,2015-02-15,875,784444
140070100,The Warrior's Way,2015-02-22,821,785265
140070100,The Warrior's Way,2015-03-01,883,786148
140070100,The Warrior's Way,2015-03-08,944,787092
140070100,The Warrior's Way,2015-03-15,704,787796
140070100,The Warrior's Way,2015-03-22,1030,788826
140070100,The Warrior's Way,2015-03-29,915,789741
140070100,The Warrior's Way,2015-04-05,871,790612
140070100,The Warrior's Way,2015-04-12,1023,791635
140070100,The Warrior's Way,2015-04-19,1172,792807
140070100,The Warrior's Way,2015-04-26,1248,794055
140070100,The Warrior's Way,2015-05-03,656,794711
140070100,The Warrior's Way,2015-05-10,1679,796390
140070100,The Warrior's Way,2015-05-17,1100,797490
140070100,The Warrior's Way,2015-05-24,954,798444
140070100,The Warrior's Way,2015-05-31,1023,799467
140070100,The Warrior's Way,2015-06-07,801,800268
140070100,The Warrior's Way,2015-06-14,1218,801486
140070100,The Warrior's Way,2015-06-21,1458,802944
140070100,The Warrior's Way,2015-06-28,1321,804265
140070100,The Warrior's Way,2015-07-05,1419,805684
140070100,The Warrior's Way,2015-07-12,1171,806855
140070100,The Warrior's Way,2015-07-19,1343,808198
140070100,The Warrior's Way,2015-07-26,1591,809789
140070100,The Warrior's Way,2015-08-02,2092,811881
140070100,The Warrior's Way,2015-08-09,1087,812968
140070100,The Warrior's Way,2015-08-16,1171,814139
140070100,The Warrior's Way,2015-08-23,1258,815397
140070100,The Warrior's Way,2015-08-30,1076,816473
140070100,The Warrior's Way,2015-09-06,1255,817728
140070100,The Warrior's Way,2015-09-13,991,818719
140070100,The Warrior's Way,2015-09-20,743,819462
140070100,The Warrior's Way,2015-09-27,996,820458
140070100,The Warrior's Way,2015-10-04,806,821264
140070100,The Warrior's Way,2015-10-11,806,822070
140070100,The Warrior's Way,2015-10-18,699,822769
140070100,The Warrior's Way,2015-10-25,376,823145
140070100,The Warrior's Way,2015-11-01,558,823703
140070100,The Warrior's Way,2015-11-08,377,824080
140070100,The Warrior's Way,2015-11-15,584,824664
140070100,The Warrior's Way,2015-11-22,809,825473
140070100,The Warrior's Way,2015-11-29,802,826275
140070100,The Warrior's Way,2015-12-06,645,826920
140070100,The Warrior's Way,2015-12-13,587,827507
140070100,The Warrior's Way,2015-12-20,1010,828517
140070100,The Warrior's Way,2015-12-27,695,829212
140070100,The Warrior's Way,2016-01-03,699,829911
140070100,The Warrior's Way,2016-01-10,1128,831039
140070100,The Warrior's Way,2016-01-17,1114,832153
140070100,The Warrior's Way,2016-01-24,976,833129
140070100,The Warrior's Way,2016-01-31,1259,834388
140070100,The Warrior's Way,2016-02-07,1103,835491
140070100,The Warrior's Way,2016-02-14,963,836454
140070100,The Warrior's Way,2016-02-21,741,837195
140070100,The Warrior's Way,2016-02-28,1220,838415
140070100,The Warrior's Way,2016-03-06,885,839300
140070100,The Warrior's Way,2016-03-13,604,839904
140070100,The Warrior's Way,2016-03-20,1225,841129
140070100,The Warrior's Way,2016-03-27,738,841867
140070100,The Warrior's Way,2016-04-03,961,842828
140070100,The Warrior's Way,2016-04-10,1348,844176
140070100,The Warrior's Way,2016-04-17,522,844698
140070100,The Warrior's Way,2016-04-24,945,845643
140070100,The Warrior's Way,2016-05-01,2171,847814
140070100,The Warrior's Way,2016-05-08,2066,849880
140070100,The Warrior's Way,2016-05-15,1340,851220
140070100,The Warrior's Way,2016-05-22,1081,852301
140070100,The Warrior's Way,2016-05-29,1299,853600
140070100,The Warrior's Way,2016-06-05,1143,854743
140070100,The Warrior's Way,2016-06-12,793,855536
140070100,The Warrior's Way,2016-06-19,1358,856894
140070100,The Warrior's Way,2016-06-26,1809,858703
140070100,The Warrior's Way,2016-07-03,1524,860227
140070100,The Warrior's Way,2016-07-10,1773,862000
140070100,The Warrior's Way,2016-07-17,1475,863475
140070100,The Warrior's Way,2016-07-24,1380,864855
140070100,The Warrior's Way,2016-07-31,2511,867366
140070100,The Warrior's Way,2016-08-07,2013,869379
140070100,The Warrior's Way,2016-08-14,1403,870782
140070100,The Warrior's Way,2016-08-21,1720,872502
140070100,The Warrior's Way,2016-08-28,2045,874547
140070100,The Warrior's Way,2016-09-04,1792,876339
140070100,The Warrior's Way,2016-09-11,2072,878411
140070100,The Warrior's Way,2016-09-18,2337,880748
140070100,The Warrior's Way,2016-09-25,1398,882146
140070100,The Warrior's Way,2016-10-02,437,882583
140070100,The Warrior's Way,2016-10-09,981,883564
140070100,The Warrior's Way,2016-10-16,881,884445
140070100,The Warrior's Way,2016-10-23,684,885129
140070100,The Warrior's Way,2016-10-30,926,886055
140070100,The Warrior's Way,2016-11-06,1041,887096
140070100,The Warrior's Way,2016-11-13,964,888060
140070100,The Warrior's Way,2016-11-20,1020,889080
140070100,The Warrior's Way,2016-11-27,819,889899
140070100,The Warrior's Way,2016-12-04,839,890738
140070100,The Warrior's Way,2016-12-11,826,891564
140070100,The Warrior's Way,2016-12-18,711,892275
140070100,The Warrior's Way,2016-12-25,682,892957
140070100,The Warrior's Way,2017-01-01,1417,894374
140070100,The Warrior's Way,2017-01-08,1130,895504
140070100,The Warrior's Way,2017-01-15,1262,896766
140070100,The Warrior's Way,2017-01-22,1351,898117
140070100,The Warrior's Way,2017-01-29,1981,900098
140070100,The Warrior's Way,2017-02-05,1446,901544
140070100,The Warrior's Way,2017-02-12,1078,902622
140070100,The Warrior's Way,2017-02-19,1527,904149
140070100,The Warrior's Way,2017-02-26,1619,905768
140070100,The Warrior's Way,2017-03-05,1809,907577
140070100,The Warrior's Way,2017-03-12,897,908474
140070100,The Warrior's Way,2017-03-19,1262,909736
140070100,The Warrior's Way,2017-03-26,2668,912404
140070100,The Warrior's Way,2017-04-02,839,913243
140070100,The Warrior's Way,2017-04-09,762,914005
140070100,The Warrior's Way,2017-04-16,593,914598
140070100,The Warrior's Way,2017-04-23,670,915268
140070100,The Warrior's Way,2017-04-30,1421,916689
140070100,The Warrior's Way,2017-05-07,663,917352
140070100,The Warrior's Way,2017-05-14,934,918286
140070100,The Warrior's Way,2017-05-21,1394,919680
140070100,The Warrior's Way,2017-05-28,1011,920691
140070100,The Warrior's Way,2017-06-04,1048,921739
140070100,The Warrior's Way,2017-06-11,1180,922919
140070100,The Warrior's Way,2017-06-18,893,923812
140070100,The Warrior's Way,2017-06-25,1317,925129
140070100,The Warrior's Way,2017-07-02,978,926107
140070100,The Warrior's Way,2017-07-09,1162,927269
140070100,The Warrior's Way,2017-07-16,1519,928788
140070100,The Warrior's Way,2017-07-23,1205,929993
140070100,The Warrior's Way,2017-07-30,481,930474
140070100,The Warrior's Way,2017-08-06,929,931403
140070100,The Warrior's Way,2017-08-13,1337,932740
140070100,The Warrior's Way,2017-08-20,1695,934435
140070100,The Warrior's Way,2017-08-27,1411,935846
140070100,The Warrior's Way,2017-09-03,1635,937481
140070100,The Warrior's Way,2017-09-10,1077,938558
140070100,The Warrior's Way,2017-09-17,1708,940266
140070100,The Warrior's Way,2017-09-24,1259,941525
140070100,The Warrior's Way,2017-10-01,782,942307
140070100,The Warrior's Way,2017-10-08,1233,943540
140070100,The Warrior's Way,2017-10-15,916,944456
140070100,The Warrior's Way,2017-10-22,1381,945837
140070100,The Warrior's Way,2017-10-29,1292,947129
140070100,The Warrior's Way,2017-11-05,1277,948406
140070100,The Warrior's Way,2017-11-12,828,949234
140070100,The Warrior's Way,2017-11-19,1192,950426
140070100,The Warrior's Way,2017-11-26,1023,951449
140070100,The Warrior's Way,2017-12-03,727,952176
140070100,The Warrior's Way,2017-12-10,1116,953292
140070100,The Warrior's Way,2017-12-17,1151,954443
140070100,The Warrior's Way,2017-12-24,1151,955594
140070100,The Warrior's Way,2017-12-31,919,956513
140070100,The Warrior's Way,2018-01-07,556,957069
140070100,The Warrior's Way,2018-01-14,593,957662
140070100,The Warrior's Way,2018-01-21,386,958048
140070100,The Warrior's Way,2018-01-28,506,958554
140080100,Stone,2011-01-23,206202,206202
140080100,Stone,2011-01-30,95421,301623
140080100,Stone,2011-02-06,42041,343664
140080100,Stone,2011-02-13,18869,362533
140080100,Stone,2011-02-20,19056,381589
140080100,Stone,2011-02-27,89012,470601
140080100,Stone,2011-03-06,12760,483361
140080100,Stone,2011-03-13,11080,494441
140080100,Stone,2011-03-20,6406,500847
140080100,Stone,2011-03-27,6949,507796
140080100,Stone,2011-04-03,5246,513042
140080100,Stone,2011-04-10,3751,516793
140080100,Stone,2011-04-17,2629,519422
140080100,Stone,2011-04-24,2896,522318
140080100,Stone,2011-05-01,2889,525207
140080100,Stone,2011-05-08,2308,527515
140080100,Stone,2011-05-15,3035,530550
140080100,Stone,2011-05-22,2257,532807
140080100,Stone,2011-05-29,1914,534721
140080100,Stone,2011-06-05,1743,536464
140080100,Stone,2011-06-12,1585,538049
140080100,Stone,2011-06-19,1202,539251
140080100,Stone,2011-06-26,1819,541070
140080100,Stone,2011-07-03,1843,542913
140080100,Stone,2011-07-10,1800,544713
140080100,Stone,2011-07-17,1366,546079
140080100,Stone,2011-07-24,1600,547679
140080100,Stone,2011-07-31,1585,549264
140080100,Stone,2011-08-07,1683,550947
140080100,Stone,2011-08-14,2492,553439
140080100,Stone,2011-08-21,2257,555696
140080100,Stone,2011-08-28,1798,557494
140080100,Stone,2011-09-04,2355,559849
140080100,Stone,2011-09-11,1405,561254
140080100,Stone,2011-09-18,1019,562273
140080100,Stone,2011-09-25,1323,563596
140080100,Stone,2011-10-02,702,564298
140080100,Stone,2011-10-09,1135,565433
140080100,Stone,2011-10-16,1384,566817
140080100,Stone,2011-10-23,742,567559
140080100,Stone,2011-10-30,727,568286
140080100,Stone,2011-11-06,372,568658
140080100,Stone,2011-11-13,406,569064
140080100,Stone,2011-11-20,767,569831
140080100,Stone,2011-11-27,2181,572012
140080100,Stone,2011-12-04,662,572674
140080100,Stone,2011-12-11,289,572963
140080100,Stone,2011-12-18,423,573386
140080100,Stone,2011-12-25,993,574379
140080100,Stone,2012-01-01,1074,575453
140080100,Stone,2012-01-08,912,576365
140080100,Stone,2012-01-15,701,577066
140080100,Stone,2012-01-22,713,577779
140080100,Stone,2012-01-29,460,578239
140080100,Stone,2012-02-05,658,578897
140080100,Stone,2012-02-12,596,579493
140080100,Stone,2012-02-19,510,580003
140080100,Stone,2012-02-26,783,580786
140080100,Stone,2012-03-04,664,581450
140080100,Stone,2012-03-11,887,582337
140080100,Stone,2012-03-18,651,582988
140080100,Stone,2012-03-25,477,583465
140080100,Stone,2012-04-01,410,583875
140080100,Stone,2012-04-08,817,584692
140080100,Stone,2012-04-15,989,585681
140080100,Stone,2012-04-22,897,586578
140080100,Stone,2012-04-29,1188,587766
140080100,Stone,2012-05-06,680,588446
140080100,Stone,2012-05-13,418,588864
140080100,Stone,2012-05-20,493,589357
140080100,Stone,2012-05-27,472,589829
140080100,Stone,2012-06-03,412,590241
140080100,Stone,2012-06-10,653,590894
140080100,Stone,2012-06-17,349,591243
140080100,Stone,2012-06-24,525,591768
140080100,Stone,2012-07-01,438,592206
140080100,Stone,2012-07-08,561,592767
140080100,Stone,2012-07-15,382,593149
140080100,Stone,2012-07-22,321,593470
140080100,Stone,2012-07-29,302,593772
140080100,Stone,2012-08-05,429,594201
140080100,Stone,2012-08-12,202,594403
140080100,Stone,2012-08-19,287,594690
140080100,Stone,2012-08-26,162,594852
140080100,Stone,2012-09-02,466,595318
140080100,Stone,2012-09-09,217,595535
140080100,Stone,2012-09-16,110,595645
140080100,Stone,2012-09-23,293,595938
140080100,Stone,2012-09-30,434,596372
140080100,Stone,2012-10-07,311,596683
140080100,Stone,2012-10-14,442,597125
140080100,Stone,2012-10-21,430,597555
140080100,Stone,2012-10-28,549,598104
140080100,Stone,2012-11-04,431,598535
140080100,Stone,2012-11-11,427,598962
140080100,Stone,2012-11-18,650,599612
140080100,Stone,2012-11-25,327,599939
140080100,Stone,2012-12-02,290,600229
140080100,Stone,2012-12-09,205,600434
140080100,Stone,2012-12-16,163,600597
140080100,Stone,2012-12-23,189,600786
140080100,Stone,2012-12-30,296,601082
140080100,Stone,2013-01-06,329,601411
140080100,Stone,2013-01-13,341,601752
140080100,Stone,2013-01-20,28,601780
140080100,Stone,2013-01-27,288,602068
140080100,Stone,2013-02-03,258,602326
140080100,Stone,2013-02-10,344,602670
140080100,Stone,2013-02-17,257,602927
140080100,Stone,2013-02-24,274,603201
140080100,Stone,2013-03-03,351,603552
140080100,Stone,2013-03-10,407,603959
140080100,Stone,2013-03-17,403,604362
140080100,Stone,2013-03-24,452,604814
140080100,Stone,2013-03-31,458,605272
140080100,Stone,2013-04-07,691,605963
140080100,Stone,2013-04-14,626,606589
140080100,Stone,2013-04-21,587,607176
140080100,Stone,2013-04-28,351,607527
140080100,Stone,2013-05-05,355,607882
140080100,Stone,2013-05-12,382,608264
140080100,Stone,2013-05-19,420,608684
140080100,Stone,2013-05-26,525,609209
140080100,Stone,2013-06-02,373,609582
140080100,Stone,2013-06-09,271,609853
140080100,Stone,2013-06-16,291,610144
140080100,Stone,2013-06-23,402,610546
140080100,Stone,2013-06-30,271,610817
140080100,Stone,2013-07-07,436,611253
140080100,Stone,2013-07-14,351,611604
140080100,Stone,2013-07-21,309,611913
140080100,Stone,2013-07-28,576,612489
140080100,Stone,2013-08-04,579,613068
140080100,Stone,2013-08-11,491,613559
140080100,Stone,2013-08-18,404,613963
140080100,Stone,2013-08-25,351,614314
140080100,Stone,2013-09-01,441,614755
140080100,Stone,2013-09-08,462,615217
140080100,Stone,2013-09-15,276,615493
140080100,Stone,2013-09-22,360,615853
140080100,Stone,2013-09-29,306,616159
140080100,Stone,2013-10-06,367,616526
140080100,Stone,2013-10-13,437,616963
140080100,Stone,2013-10-20,361,617324
140080100,Stone,2013-10-27,331,617655
140080100,Stone,2013-11-03,358,618013
140080100,Stone,2013-11-10,440,618453
140080100,Stone,2013-11-17,505,618958
140080100,Stone,2013-11-24,331,619289
140080100,Stone,2013-12-01,377,619666
140080100,Stone,2013-12-08,62,619728
140080100,Stone,2013-12-15,0,619728
140080100,Stone,2013-12-22,209,619937
140080100,Stone,2013-12-29,394,620331
140080100,Stone,2014-01-05,454,620785
140080100,Stone,2014-01-12,545,621330
140080100,Stone,2014-01-19,584,621914
140080100,Stone,2014-01-26,767,622681
140080100,Stone,2014-02-02,271,622952
140080100,Stone,2014-02-09,446,623398
140080100,Stone,2014-02-16,742,624140
140080100,Stone,2014-02-23,599,624739
140080100,Stone,2014-03-02,639,625378
140080100,Stone,2014-03-09,551,625929
140080100,Stone,2014-03-16,556,626485
140080100,Stone,2014-03-23,631,627116
140080100,Stone,2014-03-30,515,627631
140080100,Stone,2014-04-06,702,628333
140080100,Stone,2014-04-13,638,628971
140080100,Stone,2014-04-20,484,629455
140080100,Stone,2014-04-27,492,629947
140080100,Stone,2014-05-04,522,630469
140080100,Stone,2014-05-11,721,631190
140080100,Stone,2014-05-18,963,632153
140080100,Stone,2014-05-25,604,632757
140080100,Stone,2014-06-01,620,633377
140080100,Stone,2014-06-08,470,633847
140080100,Stone,2014-06-15,571,634418
140080100,Stone,2014-06-22,588,635006
140080100,Stone,2014-06-29,828,635834
140080100,Stone,2014-07-06,540,636374
140080100,Stone,2014-07-13,343,636717
140080100,Stone,2014-07-20,349,637066
140080100,Stone,2014-07-27,732,637798
140080100,Stone,2014-08-03,564,638362
140080100,Stone,2014-08-10,343,638705
140080100,Stone,2014-08-17,418,639123
140080100,Stone,2014-08-24,345,639468
140080100,Stone,2014-08-31,201,639669
140080100,Stone,2014-09-07,276,639945
140080100,Stone,2014-09-14,291,640236
140080100,Stone,2014-09-21,348,640584
140080100,Stone,2014-09-28,146,640730
140080100,Stone,2014-10-05,210,640940
140080100,Stone,2014-10-12,204,641144
140080100,Stone,2014-10-26,118,641262
140080100,Stone,2014-11-02,187,641449
140080100,Stone,2014-11-09,349,641798
140080100,Stone,2014-11-16,157,641955
140080100,Stone,2014-11-23,228,642183
140080100,Stone,2014-11-30,412,642595
140080100,Stone,2014-12-07,422,643017
140080100,Stone,2014-12-14,201,643218
140080100,Stone,2014-12-21,285,643503
140080100,Stone,2014-12-28,272,643775
140080100,Stone,2015-01-04,720,644495
140080100,Stone,2015-01-11,416,644911
140080100,Stone,2015-01-18,347,645258
140080100,Stone,2015-01-25,402,645660
140080100,Stone,2015-02-01,141,645801
140080100,Stone,2015-02-08,402,646203
140080100,Stone,2015-02-15,402,646605
140080100,Stone,2015-02-22,686,647291
140080100,Stone,2015-03-01,833,648124
140080100,Stone,2015-03-08,248,648372
140080100,Stone,2015-03-15,417,648789
140080100,Stone,2015-03-22,541,649330
140080100,Stone,2015-03-29,263,649593
140080100,Stone,2015-04-05,674,650267
140080100,Stone,2015-04-12,726,650993
140080100,Stone,2015-04-19,485,651478
140080100,Stone,2015-04-26,1051,652529
140080100,Stone,2015-05-03,337,652866
140080100,Stone,2015-05-10,921,653787
140080100,Stone,2015-05-17,935,654722
140080100,Stone,2015-05-24,301,655023
140080100,Stone,2015-05-31,285,655308
140080100,Stone,2015-06-07,507,655815
140080100,Stone,2015-06-14,792,656607
140080100,Stone,2015-06-21,572,657179
140080100,Stone,2015-06-28,420,657599
140080100,Stone,2015-07-05,581,658180
140090100,Frankenweenie,2013-01-13,1493879,1493879
140090100,Frankenweenie,2013-01-20,609014,2102893
140090100,Frankenweenie,2013-01-27,376959,2479852
140090100,Frankenweenie,2013-02-03,184929,2664781
140090100,Frankenweenie,2013-02-10,94914,2759695
140090100,Frankenweenie,2013-02-17,122165,2881860
140090100,Frankenweenie,2013-02-24,46671,2928531
140090100,Frankenweenie,2013-03-03,73513,3002044
140090100,Frankenweenie,2013-03-10,29375,3031419
140090100,Frankenweenie,2013-03-17,39935,3071354
140090100,Frankenweenie,2013-03-24,28922,3100276
140090100,Frankenweenie,2013-03-31,43634,3143910
140090100,Frankenweenie,2013-04-07,46550,3190460
140090100,Frankenweenie,2013-04-14,20183,3210643
140090100,Frankenweenie,2013-04-21,16841,3227484
140090100,Frankenweenie,2013-04-28,11312,3238796
140090100,Frankenweenie,2013-05-05,7250,3246046
140090100,Frankenweenie,2013-05-12,8198,3254244
140090100,Frankenweenie,2013-05-19,12514,3266758
140090100,Frankenweenie,2013-05-26,13083,3279841
140090100,Frankenweenie,2013-06-02,6224,3286065
140090100,Frankenweenie,2013-06-09,13257,3299322
140090100,Frankenweenie,2013-06-16,9702,3309024
140090100,Frankenweenie,2013-06-23,8099,3317123
140090100,Frankenweenie,2013-06-30,6090,3323213
140090100,Frankenweenie,2013-07-07,6073,3329286
140090100,Frankenweenie,2013-07-14,5916,3335202
140090100,Frankenweenie,2013-07-21,6308,3341510
140090100,Frankenweenie,2013-07-28,4914,3346424
140090100,Frankenweenie,2013-08-04,6757,3353181
140090100,Frankenweenie,2013-08-11,5589,3358770
140090100,Frankenweenie,2013-08-18,5509,3364279
140090100,Frankenweenie,2013-08-25,8739,3373018
140090100,Frankenweenie,2013-09-01,6855,3379873
140090100,Frankenweenie,2013-09-08,6758,3386631
140090100,Frankenweenie,2013-09-15,14498,3401129
140090100,Frankenweenie,2013-09-22,17529,3418658
140090100,Frankenweenie,2013-09-29,16186,3434844
140090100,Frankenweenie,2013-10-06,17923,3452767
140090100,Frankenweenie,2013-10-13,20801,3473568
140090100,Frankenweenie,2013-10-20,20569,3494137
140090100,Frankenweenie,2013-10-27,18977,3513114
140090100,Frankenweenie,2013-11-03,12975,3526089
140090100,Frankenweenie,2013-11-10,6670,3532759
140090100,Frankenweenie,2013-11-17,7030,3539789
140090100,Frankenweenie,2013-11-24,5234,3545023
140090100,Frankenweenie,2013-12-01,5900,3550923
140090100,Frankenweenie,2013-12-08,2610,3553533
140090100,Frankenweenie,2013-12-15,641,3554174
140090100,Frankenweenie,2013-12-22,1384,3555558
140090100,Frankenweenie,2013-12-29,2534,3558092
140090100,Frankenweenie,2014-01-05,2437,3560529
140090100,Frankenweenie,2014-01-12,2830,3563359
140090100,Frankenweenie,2014-01-19,2852,3566211
140090100,Frankenweenie,2014-01-26,3294,3569505
140090100,Frankenweenie,2014-02-02,3478,3572983
140090100,Frankenweenie,2014-02-09,3303,3576286
140090100,Frankenweenie,2014-02-16,3143,3579429
140090100,Frankenweenie,2014-02-23,2670,3582099
140090100,Frankenweenie,2014-03-02,2275,3584374
140090100,Frankenweenie,2014-03-09,2601,3586975
140090100,Frankenweenie,2014-03-16,2480,3589455
140090100,Frankenweenie,2014-03-23,2532,3591987
140090100,Frankenweenie,2014-03-30,2472,3594459
140090100,Frankenweenie,2014-04-06,2568,3597027
140090100,Frankenweenie,2014-04-13,3805,3600832
140090100,Frankenweenie,2014-04-20,2401,3603233
140090100,Frankenweenie,2014-04-27,2572,3605805
140090100,Frankenweenie,2014-05-04,2104,3607909
140090100,Frankenweenie,2014-05-11,2006,3609915
140090100,Frankenweenie,2014-05-18,2820,3612735
140090100,Frankenweenie,2014-05-25,3311,3616046
140090100,Frankenweenie,2014-06-01,3098,3619144
140090100,Frankenweenie,2014-06-08,3613,3622757
140090100,Frankenweenie,2014-06-15,3472,3626229
140090100,Frankenweenie,2014-06-22,3244,3629473
140090100,Frankenweenie,2014-06-29,3812,3633285
140090100,Frankenweenie,2014-07-06,3658,3636943
140090100,Frankenweenie,2014-07-13,2944,3639887
140090100,Frankenweenie,2014-07-20,3067,3642954
140090100,Frankenweenie,2014-07-27,3655,3646609
140090100,Frankenweenie,2014-08-03,2488,3649097
140090100,Frankenweenie,2014-08-10,3353,3652450
140090100,Frankenweenie,2014-08-17,3243,3655693
140090100,Frankenweenie,2014-08-24,3588,3659281
140090100,Frankenweenie,2014-08-31,4150,3663431
140090100,Frankenweenie,2014-09-07,4083,3667514
140090100,Frankenweenie,2014-09-14,5641,3673155
140090100,Frankenweenie,2014-09-21,9655,3682810
140090100,Frankenweenie,2014-09-28,14703,3697513
140090100,Frankenweenie,2014-10-05,4536,3702049
140090100,Frankenweenie,2014-10-12,16567,3718616
140090100,Frankenweenie,2014-10-19,19406,3738022
140090100,Frankenweenie,2014-10-26,21128,3759150
140090100,Frankenweenie,2014-11-02,19527,3778677
140090100,Frankenweenie,2014-11-09,7103,3785780
140090100,Frankenweenie,2014-11-16,4781,3790561
140090100,Frankenweenie,2014-11-23,4394,3794955
140090100,Frankenweenie,2014-11-30,4636,3799591
140090100,Frankenweenie,2014-12-07,5492,3805083
140090100,Frankenweenie,2014-12-14,5019,3810102
140090100,Frankenweenie,2014-12-21,5234,3815336
140090100,Frankenweenie,2014-12-28,3330,3818666
140090100,Frankenweenie,2015-01-04,4265,3822931
140090100,Frankenweenie,2015-01-11,4175,3827106
140090100,Frankenweenie,2015-01-18,4891,3831997
140090100,Frankenweenie,2015-01-25,5168,3837165
140090100,Frankenweenie,2015-02-01,4379,3841544
140090100,Frankenweenie,2015-02-08,4324,3845868
140090100,Frankenweenie,2015-02-15,3771,3849639
140090100,Frankenweenie,2015-02-22,4266,3853905
140090100,Frankenweenie,2015-03-01,3855,3857760
140090100,Frankenweenie,2015-03-08,4150,3861910
140090100,Frankenweenie,2015-03-15,4284,3866194
140090100,Frankenweenie,2015-03-22,3887,3870081
140090100,Frankenweenie,2015-03-29,3198,3873279
140090100,Frankenweenie,2015-04-05,5838,3879117
140090100,Frankenweenie,2015-04-12,4267,3883384
140090100,Frankenweenie,2015-04-19,4018,3887402
140090100,Frankenweenie,2015-04-26,4687,3892089
140090100,Frankenweenie,2015-05-03,5538,3897627
140090100,Frankenweenie,2015-05-10,4617,3902244
140090100,Frankenweenie,2015-05-17,3497,3905741
140090100,Frankenweenie,2015-05-24,3721,3909462
140090100,Frankenweenie,2015-05-31,4358,3913820
140090100,Frankenweenie,2015-06-07,3764,3917584
140090100,Frankenweenie,2015-06-14,4097,3921681
140090100,Frankenweenie,2015-06-21,5219,3926900
140090100,Frankenweenie,2015-06-28,4107,3931007
140090100,Frankenweenie,2015-07-05,5906,3936913
140090100,Frankenweenie,2015-07-12,4154,3941067
140090100,Frankenweenie,2015-07-19,3830,3944897
140090100,Frankenweenie,2015-07-26,4746,3949643
140090100,Frankenweenie,2015-08-02,4250,3953893
140090100,Frankenweenie,2015-08-09,4785,3958678
140090100,Frankenweenie,2015-08-16,4735,3963413
140090100,Frankenweenie,2015-08-23,4777,3968190
140090100,Frankenweenie,2015-08-30,4540,3972730
140090100,Frankenweenie,2015-09-06,34057,4006787
140090100,Frankenweenie,2015-09-13,17896,4024683
140090100,Frankenweenie,2015-09-20,17372,4042055
140090100,Frankenweenie,2015-09-27,18071,4060126
140090100,Frankenweenie,2015-10-04,23567,4083693
140090100,Frankenweenie,2015-10-11,35891,4119584
140090100,Frankenweenie,2015-10-18,15880,4135464
140090100,Frankenweenie,2015-10-25,9593,4145057
140090100,Frankenweenie,2015-11-01,24769,4169826
140090100,Frankenweenie,2015-11-08,10741,4180567
140090100,Frankenweenie,2015-11-15,3548,4184115
140090100,Frankenweenie,2015-11-22,6481,4190596
140090100,Frankenweenie,2015-11-29,5880,4196476
140090100,Frankenweenie,2015-12-06,5922,4202398
140090100,Frankenweenie,2015-12-13,5919,4208317
140090100,Frankenweenie,2015-12-20,5995,4214312
140090100,Frankenweenie,2015-12-27,4415,4218727
140090100,Frankenweenie,2016-01-03,5241,4223968
140090100,Frankenweenie,2016-01-10,4783,4228751
140090100,Frankenweenie,2016-01-17,4653,4233404
140090100,Frankenweenie,2016-01-24,2981,4236385
140090100,Frankenweenie,2016-01-31,3285,4239670
140090100,Frankenweenie,2016-02-07,2535,4242205
140090100,Frankenweenie,2016-02-14,4251,4246456
140090100,Frankenweenie,2016-02-21,3527,4249983
140090100,Frankenweenie,2016-02-28,5026,4255009
140090100,Frankenweenie,2016-03-06,3486,4258495
140090100,Frankenweenie,2016-03-13,3386,4261881
140090100,Frankenweenie,2016-03-20,3697,4265578
140090100,Frankenweenie,2016-03-27,3358,4268936
140090100,Frankenweenie,2016-04-03,3787,4272723
140090100,Frankenweenie,2016-04-10,3484,4276207
140090100,Frankenweenie,2016-04-17,3710,4279917
140090100,Frankenweenie,2016-04-24,4498,4284415
140090100,Frankenweenie,2016-05-01,4353,4288768
140090100,Frankenweenie,2016-05-08,2105,4290873
140090100,Frankenweenie,2016-05-15,3744,4294617
140090100,Frankenweenie,2016-05-22,3736,4298353
140090100,Frankenweenie,2016-05-29,3635,4301988
140090100,Frankenweenie,2016-06-05,2191,4304179
140090100,Frankenweenie,2016-06-12,2709,4306888
140090100,Frankenweenie,2016-06-19,3062,4309950
140090100,Frankenweenie,2016-06-26,1912,4311862
140090100,Frankenweenie,2016-07-03,3498,4315360
140100100,John Carter,2012-06-10,2529624,2529624
140100100,John Carter,2012-06-17,842334,3371958
140100100,John Carter,2012-06-24,423176,3795134
140100100,John Carter,2012-07-01,262915,4058049
140100100,John Carter,2012-07-08,234368,4292417
140100100,John Carter,2012-07-15,164653,4457070
140100100,John Carter,2012-07-22,95171,4552241
140100100,John Carter,2012-07-29,122919,4675160
140100100,John Carter,2012-08-05,77233,4752393
140100100,John Carter,2012-08-12,36978,4789371
140100100,John Carter,2012-08-19,29955,4819326
140100100,John Carter,2012-08-26,40245,4859571
140100100,John Carter,2012-09-02,27878,4887449
140100100,John Carter,2012-09-09,25296,4912745
140100100,John Carter,2012-09-16,16456,4929201
140100100,John Carter,2012-09-23,21830,4951031
140100100,John Carter,2012-09-30,23385,4974416
140100100,John Carter,2012-10-07,16548,4990964
140100100,John Carter,2012-10-14,28093,5019057
140100100,John Carter,2012-10-21,30434,5049491
140100100,John Carter,2012-10-28,20192,5069683
140100100,John Carter,2012-11-04,18287,5087970
140100100,John Carter,2012-11-11,23138,5111108
140100100,John Carter,2012-11-18,24180,5135288
140100100,John Carter,2012-11-25,45415,5180703
140100100,John Carter,2012-12-02,11350,5192053
140100100,John Carter,2012-12-09,11427,5203480
140100100,John Carter,2012-12-16,12844,5216324
140100100,John Carter,2012-12-23,11931,5228255
140100100,John Carter,2012-12-30,10513,5238768
140100100,John Carter,2013-01-06,12237,5251005
140100100,John Carter,2013-01-13,8505,5259510
140100100,John Carter,2013-01-20,8774,5268284
140100100,John Carter,2013-01-27,8660,5276944
140100100,John Carter,2013-02-03,9165,5286109
140100100,John Carter,2013-02-10,10206,5296315
140100100,John Carter,2013-02-17,11505,5307820
140100100,John Carter,2013-02-24,7869,5315689
140100100,John Carter,2013-03-03,7017,5322706
140100100,John Carter,2013-03-10,8053,5330759
140100100,John Carter,2013-03-17,7059,5337818
140100100,John Carter,2013-03-24,6432,5344250
140100100,John Carter,2013-03-31,6137,5350387
140100100,John Carter,2013-04-07,10731,5361118
140100100,John Carter,2013-04-14,13002,5374120
140100100,John Carter,2013-04-21,18908,5393028
140100100,John Carter,2013-04-28,17558,5410586
140100100,John Carter,2013-05-05,13586,5424172
140100100,John Carter,2013-05-12,12220,5436392
140100100,John Carter,2013-05-19,10806,5447198
140100100,John Carter,2013-05-26,10610,5457808
140100100,John Carter,2013-06-02,8041,5465849
140100100,John Carter,2013-06-09,12453,5478302
140100100,John Carter,2013-06-16,14174,5492476
140100100,John Carter,2013-06-23,9508,5501984
140100100,John Carter,2013-06-30,8907,5510891
140100100,John Carter,2013-07-07,11830,5522721
140100100,John Carter,2013-07-14,10797,5533518
140100100,John Carter,2013-07-21,10048,5543566
140100100,John Carter,2013-07-28,9696,5553262
140100100,John Carter,2013-08-04,10807,5564069
140100100,John Carter,2013-08-11,10144,5574213
140100100,John Carter,2013-08-18,8217,5582430
140100100,John Carter,2013-08-25,8222,5590652
140100100,John Carter,2013-09-01,13881,5604533
140100100,John Carter,2013-09-08,9402,5613935
140100100,John Carter,2013-09-15,7490,5621425
140100100,John Carter,2013-09-22,7162,5628587
140100100,John Carter,2013-09-29,8102,5636689
140100100,John Carter,2013-10-06,5561,5642250
140100100,John Carter,2013-10-13,5428,5647678
140100100,John Carter,2013-10-20,5712,5653390
140100100,John Carter,2013-10-27,5025,5658415
140100100,John Carter,2013-11-03,5933,5664348
140100100,John Carter,2013-11-10,6099,5670447
140100100,John Carter,2013-11-17,4785,5675232
140100100,John Carter,2013-11-24,5688,5680920
140100100,John Carter,2013-12-01,6228,5687148
140100100,John Carter,2013-12-08,1888,5689036
140100100,John Carter,2013-12-15,331,5689367
140100100,John Carter,2013-12-22,1950,5691317
140100100,John Carter,2013-12-29,3774,5695091
140100100,John Carter,2014-01-05,6236,5701327
140100100,John Carter,2014-01-12,6812,5708139
140100100,John Carter,2014-01-19,7328,5715467
140100100,John Carter,2014-01-26,5965,5721432
140100100,John Carter,2014-02-02,6801,5728233
140100100,John Carter,2014-02-09,5454,5733687
140100100,John Carter,2014-02-16,5084,5738771
140100100,John Carter,2014-02-23,5242,5744013
140100100,John Carter,2014-03-02,5521,5749534
140100100,John Carter,2014-03-09,10086,5759620
140100100,John Carter,2014-03-16,6137,5765757
140100100,John Carter,2014-03-23,5512,5771269
140100100,John Carter,2014-03-30,4520,5775789
140100100,John Carter,2014-04-06,5931,5781720
140100100,John Carter,2014-04-13,6513,5788233
140100100,John Carter,2014-04-20,6861,5795094
140100100,John Carter,2014-04-27,4143,5799237
140100100,John Carter,2014-05-04,6004,5805241
140100100,John Carter,2014-05-11,6225,5811466
140100100,John Carter,2014-05-18,7615,5819081
140100100,John Carter,2014-05-25,5577,5824658
140100100,John Carter,2014-06-01,5044,5829702
140100100,John Carter,2014-06-08,4785,5834487
140100100,John Carter,2014-06-15,8862,5843349
140100100,John Carter,2014-06-22,7715,5851064
140100100,John Carter,2014-06-29,5499,5856563
140100100,John Carter,2014-07-06,10724,5867287
140100100,John Carter,2014-07-13,9428,5876715
140100100,John Carter,2014-07-20,6697,5883412
140100100,John Carter,2014-07-27,12087,5895499
140100100,John Carter,2014-08-03,6533,5902032
140100100,John Carter,2014-08-10,4560,5906592
140100100,John Carter,2014-08-17,3050,5909642
140100100,John Carter,2014-08-24,3834,5913476
140100100,John Carter,2014-08-31,3683,5917159
140100100,John Carter,2014-09-07,7454,5924613
140100100,John Carter,2014-09-14,5566,5930179
140100100,John Carter,2014-09-21,3982,5934161
140100100,John Carter,2014-09-28,3588,5937749
140100100,John Carter,2014-10-05,2562,5940311
140100100,John Carter,2014-10-12,1841,5942152
140100100,John Carter,2014-10-19,1518,5943670
140100100,John Carter,2014-10-26,4905,5948575
140100100,John Carter,2014-11-02,7983,5956558
140100100,John Carter,2014-11-09,8169,5964727
140100100,John Carter,2014-11-16,6117,5970844
140100100,John Carter,2014-11-23,4564,5975408
140100100,John Carter,2014-11-30,3661,5979069
140100100,John Carter,2014-12-07,4810,5983879
140100100,John Carter,2014-12-14,5007,5988886
140100100,John Carter,2014-12-21,4976,5993862
140100100,John Carter,2014-12-28,4057,5997919
140100100,John Carter,2015-01-04,6540,6004459
140100100,John Carter,2015-01-11,7525,6011984
140100100,John Carter,2015-01-18,6649,6018633
140100100,John Carter,2015-01-25,8801,6027434
140100100,John Carter,2015-02-01,7559,6034993
140100100,John Carter,2015-02-08,9907,6044900
140100100,John Carter,2015-02-15,8831,6053731
140100100,John Carter,2015-02-22,8616,6062347
140100100,John Carter,2015-03-01,7478,6069825
140100100,John Carter,2015-03-08,13138,6082963
140100100,John Carter,2015-03-15,21210,6104173
140100100,John Carter,2015-03-22,10477,6114650
140100100,John Carter,2015-03-29,7533,6122183
140100100,John Carter,2015-04-05,7895,6130078
140100100,John Carter,2015-04-12,19297,6149375
140100100,John Carter,2015-04-19,7174,6156549
140100100,John Carter,2015-04-26,4747,6161296
140100100,John Carter,2015-05-03,5040,6166336
140100100,John Carter,2015-05-10,5245,6171581
140100100,John Carter,2015-05-17,3916,6175497
140100100,John Carter,2015-05-24,6188,6181685
140100100,John Carter,2015-05-31,10975,6192660
140100100,John Carter,2015-06-07,9808,6202468
140100100,John Carter,2015-06-14,6758,6209226
140100100,John Carter,2015-06-21,9546,6218772
140100100,John Carter,2015-06-28,6011,6224783
140100100,John Carter,2015-07-05,7747,6232530
140100100,John Carter,2015-07-12,9394,6241924
140100100,John Carter,2015-07-19,10100,6252024
140100100,John Carter,2015-07-26,9700,6261724
140100100,John Carter,2015-08-02,7143,6268867
140100100,John Carter,2015-08-09,9450,6278317
140100100,John Carter,2015-08-16,14529,6292846
140100100,John Carter,2015-08-23,7625,6300471
140100100,John Carter,2015-08-30,6610,6307081
140100100,John Carter,2015-09-06,8187,6315268
140100100,John Carter,2015-09-13,8017,6323285
140100100,John Carter,2015-09-20,8015,6331300
140100100,John Carter,2015-09-27,6546,6337846
140100100,John Carter,2015-10-04,7175,6345021
140100100,John Carter,2015-10-11,5075,6350096
140100100,John Carter,2015-10-18,4129,6354225
140100100,John Carter,2015-10-25,3626,6357851
140100100,John Carter,2015-11-01,3761,6361612
140100100,John Carter,2015-11-08,3217,6364829
140100100,John Carter,2015-11-15,4284,6369113
140100100,John Carter,2015-11-22,3408,6372521
140100100,John Carter,2015-11-29,5709,6378230
140100100,John Carter,2015-12-06,6511,6384741
140100100,John Carter,2015-12-13,6116,6390857
140100100,John Carter,2015-12-20,5412,6396269
140100100,John Carter,2015-12-27,5935,6402204
140100100,John Carter,2016-01-03,12773,6414977
140100100,John Carter,2016-01-10,11814,6426791
140100100,John Carter,2016-01-17,8113,6434904
140100100,John Carter,2016-01-24,6918,6441822
140100100,John Carter,2016-01-31,13612,6455434
140100100,John Carter,2016-02-07,8564,6463998
140100100,John Carter,2016-02-14,8662,6472660
140100100,John Carter,2016-02-21,9573,6482233
140100100,John Carter,2016-02-28,10413,6492646
140100100,John Carter,2016-03-06,13982,6506628
140100100,John Carter,2016-03-13,10301,6516929
140100100,John Carter,2016-03-20,6692,6523621
140100100,John Carter,2016-03-27,6875,6530496
140100100,John Carter,2016-04-03,6161,6536657
140100100,John Carter,2016-04-10,6894,6543551
140100100,John Carter,2016-04-17,6543,6550094
140100100,John Carter,2016-04-24,4674,6554768
140100100,John Carter,2016-05-01,6662,6561430
140100100,John Carter,2016-05-08,6420,6567850
140100100,John Carter,2016-05-15,15150,6583000
140100100,John Carter,2016-05-22,16718,6599718
140100100,John Carter,2016-05-29,10533,6610251
140100100,John Carter,2016-06-05,8597,6618848
140100100,John Carter,2016-06-12,17942,6636790
140100100,John Carter,2016-06-19,7029,6643819
140100100,John Carter,2016-06-26,5491,6649310
140100100,John Carter,2016-07-03,13930,6663240
140100100,John Carter,2016-07-10,8680,6671920
140100100,John Carter,2016-07-17,6716,6678636
140100100,John Carter,2016-07-24,9486,6688122
140100100,John Carter,2016-07-31,4818,6692940
140100100,John Carter,2016-08-07,10126,6703066
140100100,John Carter,2016-08-14,10517,6713583
140100100,John Carter,2016-08-21,9992,6723575
140100100,John Carter,2016-08-28,17873,6741448
140100100,John Carter,2016-09-04,10632,6752080
140100100,John Carter,2016-09-11,11053,6763133
140100100,John Carter,2016-09-18,5613,6768746
140100100,John Carter,2016-09-25,10395,6779141
140100100,John Carter,2016-10-02,5404,6784545
140100100,John Carter,2016-10-09,4667,6789212
140100100,John Carter,2016-10-16,3478,6792690
140100100,John Carter,2016-10-23,2830,6795520
140100100,John Carter,2016-10-30,2095,6797615
140100100,John Carter,2016-11-06,2958,6800573
140100100,John Carter,2016-11-13,2383,6802956
140100100,John Carter,2016-11-20,2392,6805348
140100100,John Carter,2016-11-27,3381,6808729
140100100,John Carter,2016-12-04,5712,6814441
140100100,John Carter,2016-12-11,5895,6820336
140100100,John Carter,2016-12-18,6256,6826592
140100100,John Carter,2016-12-25,5313,6831905
140100100,John Carter,2017-01-01,5938,6837843
140100100,John Carter,2017-01-08,10544,6848387
140100100,John Carter,2017-01-15,7701,6856088
140100100,John Carter,2017-01-22,15164,6871252
140100100,John Carter,2017-01-29,7956,6879208
140100100,John Carter,2017-02-05,10890,6890098
140100100,John Carter,2017-02-12,10080,6900178
140100100,John Carter,2017-02-19,8040,6908218
140100100,John Carter,2017-02-26,6913,6915131
140100100,John Carter,2017-03-05,8436,6923567
140100100,John Carter,2017-03-12,11143,6934710
140100100,John Carter,2017-03-19,7836,6942546
140100100,John Carter,2017-03-26,7810,6950356
140100100,John Carter,2017-04-02,5783,6956139
140100100,John Carter,2017-04-09,5661,6961800
140100100,John Carter,2017-04-16,7724,6969524
140100100,John Carter,2017-04-23,6639,6976163
140100100,John Carter,2017-04-30,6582,6982745
140100100,John Carter,2017-05-07,7518,6990263
140100100,John Carter,2017-05-14,6019,6996282
140100100,John Carter,2017-05-21,5203,7001485
140100100,John Carter,2017-05-28,5690,7007175
140100100,John Carter,2017-06-04,6446,7013621
140100100,John Carter,2017-06-11,7020,7020641
140100100,John Carter,2017-06-18,3440,7024081
140100100,John Carter,2017-06-25,3592,7027673
140100100,John Carter,2017-07-02,4747,7032420
140100100,John Carter,2017-07-09,5898,7038318
140100100,John Carter,2017-07-16,6669,7044987
140100100,John Carter,2017-07-23,6113,7051100
140100100,John Carter,2017-07-30,5976,7057076
140100100,John Carter,2017-08-06,4831,7061907
140100100,John Carter,2017-08-13,3785,7065692
140100100,John Carter,2017-08-20,4086,7069778
140100100,John Carter,2017-08-27,5533,7075311
140100100,John Carter,2017-09-03,5442,7080753
140100100,John Carter,2017-09-10,3801,7084554
140100100,John Carter,2017-09-17,4279,7088833
140100100,John Carter,2017-09-24,3862,7092695
140100100,John Carter,2017-10-01,1859,7094554
140100100,John Carter,2017-10-08,3520,7098074
140100100,John Carter,2017-10-15,2253,7100327
140100100,John Carter,2017-10-22,2256,7102583
140100100,John Carter,2017-10-29,3146,7105729
140100100,John Carter,2017-11-05,2783,7108512
140100100,John Carter,2017-11-12,2932,7111444
140100100,John Carter,2017-11-19,2046,7113490
140100100,John Carter,2017-11-26,2656,7116146
140100100,John Carter,2017-12-03,5542,7121688
140100100,John Carter,2017-12-10,5813,7127501
140100100,John Carter,2017-12-17,6986,7134487
140100100,John Carter,2017-12-24,6423,7140910
140100100,John Carter,2017-12-31,3475,7144385
140100100,John Carter,2018-01-07,3296,7147681
140100100,John Carter,2018-01-14,2844,7150525
140100100,John Carter,2018-01-21,2484,7153009
140100100,John Carter,2018-01-28,2222,7155231
140110100,Dolphin Tale,2011-12-25,2030327,2030327
140110100,Dolphin Tale,2012-01-01,438472,2468799
140110100,Dolphin Tale,2012-01-08,351925,2820724
140110100,Dolphin Tale,2012-01-15,226895,3047619
140110100,Dolphin Tale,2012-01-22,191863,3239482
140110100,Dolphin Tale,2012-01-29,163791,3403273
140110100,Dolphin Tale,2012-02-05,132274,3535547
140110100,Dolphin Tale,2012-02-12,116260,3651807
140110100,Dolphin Tale,2012-02-19,41857,3693664
140110100,Dolphin Tale,2012-02-26,42600,3736264
140110100,Dolphin Tale,2012-03-04,32561,3768825
140110100,Dolphin Tale,2012-03-11,25651,3794476
140110100,Dolphin Tale,2012-03-18,23938,3818414
140110100,Dolphin Tale,2012-03-25,17044,3835458
140110100,Dolphin Tale,2012-04-01,18731,3854189
140110100,Dolphin Tale,2012-04-08,24857,3879046
140110100,Dolphin Tale,2012-04-15,14744,3893790
140110100,Dolphin Tale,2012-04-22,12643,3906433
140110100,Dolphin Tale,2012-04-29,13139,3919572
140110100,Dolphin Tale,2012-05-06,10028,3929600
140110100,Dolphin Tale,2012-05-13,8912,3938512
140110100,Dolphin Tale,2012-05-20,9008,3947520
140110100,Dolphin Tale,2012-05-27,7153,3954673
140110100,Dolphin Tale,2012-06-03,7054,3961727
140110100,Dolphin Tale,2012-06-10,5595,3967322
140110100,Dolphin Tale,2012-06-17,4720,3972042
140110100,Dolphin Tale,2012-06-24,5065,3977107
140110100,Dolphin Tale,2012-07-01,5395,3982502
140110100,Dolphin Tale,2012-07-08,4764,3987266
140110100,Dolphin Tale,2012-07-15,176104,4163370
140110100,Dolphin Tale,2012-07-22,4325,4167695
140110100,Dolphin Tale,2012-07-29,5064,4172759
140110100,Dolphin Tale,2012-08-05,5227,4177986
140110100,Dolphin Tale,2012-08-12,2642,4180628
140110100,Dolphin Tale,2012-08-19,2733,4183361
140110100,Dolphin Tale,2012-08-26,2871,4186232
140110100,Dolphin Tale,2012-09-02,2570,4188802
140110100,Dolphin Tale,2012-09-09,2796,4191598
140110100,Dolphin Tale,2012-09-16,1988,4193586
140110100,Dolphin Tale,2012-09-23,11827,4205413
140110100,Dolphin Tale,2012-09-30,9746,4215159
140110100,Dolphin Tale,2012-10-07,8330,4223489
140110100,Dolphin Tale,2012-10-14,14067,4237556
140110100,Dolphin Tale,2012-10-21,16829,4254385
140110100,Dolphin Tale,2012-10-28,10117,4264502
140110100,Dolphin Tale,2012-11-04,12980,4277482
140110100,Dolphin Tale,2012-11-11,23084,4300566
140110100,Dolphin Tale,2012-11-18,13014,4313580
140110100,Dolphin Tale,2012-11-25,44297,4357877
140110100,Dolphin Tale,2012-12-02,25150,4383027
140110100,Dolphin Tale,2012-12-09,16742,4399769
140110100,Dolphin Tale,2012-12-16,15439,4415208
140110100,Dolphin Tale,2012-12-23,9772,4424980
140110100,Dolphin Tale,2012-12-30,4761,4429741
140110100,Dolphin Tale,2013-01-06,5347,4435088
140110100,Dolphin Tale,2013-01-13,4790,4439878
140110100,Dolphin Tale,2013-01-20,5010,4444888
140110100,Dolphin Tale,2013-01-27,4892,4449780
140110100,Dolphin Tale,2013-02-03,4704,4454484
140110100,Dolphin Tale,2013-02-10,4633,4459117
140110100,Dolphin Tale,2013-02-17,4282,4463399
140110100,Dolphin Tale,2013-02-24,3829,4467228
140110100,Dolphin Tale,2013-03-03,4097,4471325
140110100,Dolphin Tale,2013-03-10,4350,4475675
140110100,Dolphin Tale,2013-03-17,5711,4481386
140110100,Dolphin Tale,2013-03-24,5654,4487040
140110100,Dolphin Tale,2013-03-31,5423,4492463
140110100,Dolphin Tale,2013-04-07,8630,4501093
140110100,Dolphin Tale,2013-04-14,6426,4507519
140110100,Dolphin Tale,2013-04-21,5370,4512889
140110100,Dolphin Tale,2013-04-28,6181,4519070
140110100,Dolphin Tale,2013-05-05,5145,4524215
140110100,Dolphin Tale,2013-05-12,5080,4529295
140110100,Dolphin Tale,2013-05-19,7192,4536487
140110100,Dolphin Tale,2013-05-26,5354,4541841
140110100,Dolphin Tale,2013-06-02,4109,4545950
140110100,Dolphin Tale,2013-06-09,6727,4552677
140110100,Dolphin Tale,2013-06-16,5278,4557955
140110100,Dolphin Tale,2013-06-23,6166,4564121
140110100,Dolphin Tale,2013-06-30,4370,4568491
140110100,Dolphin Tale,2013-07-07,6224,4574715
140110100,Dolphin Tale,2013-07-14,8173,4582888
140110100,Dolphin Tale,2013-07-21,7859,4590747
140110100,Dolphin Tale,2013-07-28,6705,4597452
140110100,Dolphin Tale,2013-08-04,6982,4604434
140110100,Dolphin Tale,2013-08-11,7198,4611632
140110100,Dolphin Tale,2013-08-18,5864,4617496
140110100,Dolphin Tale,2013-08-25,7043,4624539
140110100,Dolphin Tale,2013-09-01,6056,4630595
140110100,Dolphin Tale,2013-09-08,8306,4638901
140110100,Dolphin Tale,2013-09-15,4921,4643822
140110100,Dolphin Tale,2013-09-22,6267,4650089
140110100,Dolphin Tale,2013-09-29,4926,4655015
140110100,Dolphin Tale,2013-10-06,3359,4658374
140110100,Dolphin Tale,2013-10-13,2989,4661363
140110100,Dolphin Tale,2013-10-20,2785,4664148
140110100,Dolphin Tale,2013-10-27,2434,4666582
140110100,Dolphin Tale,2013-11-03,2763,4669345
140110100,Dolphin Tale,2013-11-10,3840,4673185
140110100,Dolphin Tale,2013-11-17,4551,4677736
140110100,Dolphin Tale,2013-11-24,5061,4682797
140110100,Dolphin Tale,2013-12-01,3732,4686529
140110100,Dolphin Tale,2013-12-08,1625,4688154
140110100,Dolphin Tale,2013-12-15,97,4688251
140110100,Dolphin Tale,2013-12-22,2296,4690547
140110100,Dolphin Tale,2013-12-29,2773,4693320
140110100,Dolphin Tale,2014-01-05,3703,4697023
140110100,Dolphin Tale,2014-01-12,3354,4700377
140110100,Dolphin Tale,2014-01-19,6659,4707036
140110100,Dolphin Tale,2014-01-26,4823,4711859
140110100,Dolphin Tale,2014-02-02,5947,4717806
140110100,Dolphin Tale,2014-02-09,6288,4724094
140110100,Dolphin Tale,2014-02-16,4936,4729030
140110100,Dolphin Tale,2014-02-23,3283,4732313
140110100,Dolphin Tale,2014-03-02,3229,4735542
140110100,Dolphin Tale,2014-03-09,4843,4740385
140110100,Dolphin Tale,2014-03-16,6071,4746456
140110100,Dolphin Tale,2014-03-23,4943,4751399
140110100,Dolphin Tale,2014-03-30,5214,4756613
140110100,Dolphin Tale,2014-04-06,7652,4764265
140110100,Dolphin Tale,2014-04-13,5509,4769774
140110100,Dolphin Tale,2014-04-20,5670,4775444
140110100,Dolphin Tale,2014-04-27,3813,4779257
140110100,Dolphin Tale,2014-05-04,4943,4784200
140110100,Dolphin Tale,2014-05-11,3822,4788022
140110100,Dolphin Tale,2014-05-18,4266,4792288
140110100,Dolphin Tale,2014-05-25,2142,4794430
140110100,Dolphin Tale,2014-06-01,3625,4798055
140110100,Dolphin Tale,2014-06-08,6433,4804488
140110100,Dolphin Tale,2014-06-15,4873,4809361
140110100,Dolphin Tale,2014-06-22,5104,4814465
140110100,Dolphin Tale,2014-06-29,6175,4820640
140110100,Dolphin Tale,2014-07-06,8386,4829026
140110100,Dolphin Tale,2014-07-13,7918,4836944
140110100,Dolphin Tale,2014-07-20,9188,4846132
140110100,Dolphin Tale,2014-07-27,10428,4856560
140110100,Dolphin Tale,2014-08-03,9619,4866179
140110100,Dolphin Tale,2014-08-10,7998,4874177
140110100,Dolphin Tale,2014-08-17,2422,4876599
140110100,Dolphin Tale,2014-08-24,16279,4892878
140110100,Dolphin Tale,2014-08-31,34544,4927422
140110100,Dolphin Tale,2014-09-07,40548,4967970
140110100,Dolphin Tale,2014-09-14,42354,5010324
140110100,Dolphin Tale,2014-09-21,42602,5052926
140110100,Dolphin Tale,2014-09-28,65379,5118305
140110100,Dolphin Tale,2014-10-05,6524,5124829
140110100,Dolphin Tale,2014-10-12,24456,5149285
140110100,Dolphin Tale,2014-10-19,16930,5166215
140110100,Dolphin Tale,2014-10-26,14359,5180574
140110100,Dolphin Tale,2014-11-02,19231,5199805
140110100,Dolphin Tale,2014-11-09,19174,5218979
140110100,Dolphin Tale,2014-11-16,37408,5256387
140110100,Dolphin Tale,2014-11-23,40223,5296610
140110100,Dolphin Tale,2014-11-30,27751,5324361
140110100,Dolphin Tale,2014-12-07,52599,5376960
140110100,Dolphin Tale,2014-12-14,63975,5440935
140110100,Dolphin Tale,2014-12-21,63279,5504214
140110100,Dolphin Tale,2014-12-28,31983,5536197
140110100,Dolphin Tale,2015-01-04,39724,5575921
140110100,Dolphin Tale,2015-01-11,40237,5616158
140110100,Dolphin Tale,2015-01-18,34425,5650583
140110100,Dolphin Tale,2015-01-25,34285,5684868
140110100,Dolphin Tale,2015-02-01,32359,5717227
140110100,Dolphin Tale,2015-02-08,40369,5757596
140110100,Dolphin Tale,2015-02-15,30113,5787709
140110100,Dolphin Tale,2015-02-22,21396,5809105
140110100,Dolphin Tale,2015-03-01,22614,5831719
140110100,Dolphin Tale,2015-03-08,26634,5858353
140110100,Dolphin Tale,2015-03-15,24150,5882503
140110100,Dolphin Tale,2015-03-22,21335,5903838
140110100,Dolphin Tale,2015-03-29,25347,5929185
140110100,Dolphin Tale,2015-04-05,28995,5958180
140110100,Dolphin Tale,2015-04-12,16134,5974314
140110100,Dolphin Tale,2015-04-19,12791,5987105
140110100,Dolphin Tale,2015-04-26,10856,5997961
140110100,Dolphin Tale,2015-05-03,10697,6008658
140110100,Dolphin Tale,2015-05-10,11036,6019694
140110100,Dolphin Tale,2015-05-17,8308,6028002
140110100,Dolphin Tale,2015-05-24,9565,6037567
140110100,Dolphin Tale,2015-05-31,9857,6047424
140110100,Dolphin Tale,2015-06-07,13550,6060974
140110100,Dolphin Tale,2015-06-14,13392,6074366
140110100,Dolphin Tale,2015-06-21,11414,6085780
140110100,Dolphin Tale,2015-06-28,14898,6100678
140110100,Dolphin Tale,2015-07-05,15976,6116654
140110100,Dolphin Tale,2015-07-12,14991,6131645
140110100,Dolphin Tale,2015-07-19,19086,6150731
140110100,Dolphin Tale,2015-07-26,18187,6168918
140110100,Dolphin Tale,2015-08-02,17125,6186043
140110100,Dolphin Tale,2015-08-09,11737,6197780
140110100,Dolphin Tale,2015-08-16,13192,6210972
140110100,Dolphin Tale,2015-08-23,10157,6221129
140110100,Dolphin Tale,2015-08-30,9083,6230212
140110100,Dolphin Tale,2015-09-06,9399,6239611
140110100,Dolphin Tale,2015-09-13,9430,6249041
140110100,Dolphin Tale,2015-09-20,7408,6256449
140110100,Dolphin Tale,2015-09-27,7839,6264288
140110100,Dolphin Tale,2015-10-04,3772,6268060
140110100,Dolphin Tale,2015-10-11,5003,6273063
140110100,Dolphin Tale,2015-10-18,4196,6277259
140110100,Dolphin Tale,2015-10-25,3581,6280840
140110100,Dolphin Tale,2015-11-01,4164,6285004
140110100,Dolphin Tale,2015-11-08,5203,6290207
140110100,Dolphin Tale,2015-11-15,2318,6292525
140110100,Dolphin Tale,2015-11-22,6034,6298559
140110100,Dolphin Tale,2015-11-29,7695,6306254
140110100,Dolphin Tale,2015-12-06,11301,6317555
140110100,Dolphin Tale,2015-12-13,9462,6327017
140110100,Dolphin Tale,2015-12-20,7554,6334571
140110100,Dolphin Tale,2015-12-27,5124,6339695
140110100,Dolphin Tale,2016-01-03,5625,6345320
140110100,Dolphin Tale,2016-01-10,6377,6351697
140110100,Dolphin Tale,2016-01-17,5739,6357436
140110100,Dolphin Tale,2016-01-24,5107,6362543
140110100,Dolphin Tale,2016-01-31,4783,6367326
140110100,Dolphin Tale,2016-02-07,4769,6372095
140110100,Dolphin Tale,2016-02-14,4716,6376811
140110100,Dolphin Tale,2016-02-21,4465,6381276
140110100,Dolphin Tale,2016-02-28,6657,6387933
140110100,Dolphin Tale,2016-03-06,6357,6394290
140110100,Dolphin Tale,2016-03-13,6257,6400547
140110100,Dolphin Tale,2016-03-20,9006,6409553
140110100,Dolphin Tale,2016-03-27,6821,6416374
140110100,Dolphin Tale,2016-04-03,4607,6420981
140110100,Dolphin Tale,2016-04-10,4869,6425850
140110100,Dolphin Tale,2016-04-17,5235,6431085
140110100,Dolphin Tale,2016-04-24,3816,6434901
140110100,Dolphin Tale,2016-05-01,3888,6438789
140110100,Dolphin Tale,2016-05-08,3970,6442759
140110100,Dolphin Tale,2016-05-15,3480,6446239
140110100,Dolphin Tale,2016-05-22,4124,6450363
140110100,Dolphin Tale,2016-05-29,3775,6454138
140110100,Dolphin Tale,2016-06-05,3183,6457321
140110100,Dolphin Tale,2016-06-12,3756,6461077
140110100,Dolphin Tale,2016-06-19,3007,6464084
140110100,Dolphin Tale,2016-06-26,3908,6467992
140110100,Dolphin Tale,2016-07-03,3254,6471246
140110100,Dolphin Tale,2016-07-10,3041,6474287
140110100,Dolphin Tale,2016-07-17,4328,6478615
140110100,Dolphin Tale,2016-07-24,5380,6483995
140110100,Dolphin Tale,2016-07-31,3412,6487407
140110100,Dolphin Tale,2016-08-07,4165,6491572
140110100,Dolphin Tale,2016-08-14,3378,6494950
140110100,Dolphin Tale,2016-08-21,2798,6497748
140110100,Dolphin Tale,2016-08-28,2687,6500435
140110100,Dolphin Tale,2016-09-04,3006,6503441
140110100,Dolphin Tale,2016-09-11,2943,6506384
140110100,Dolphin Tale,2016-09-18,2581,6508965
140110100,Dolphin Tale,2016-09-25,2558,6511523
140110100,Dolphin Tale,2016-10-02,2169,6513692
140110100,Dolphin Tale,2016-10-09,1531,6515223
140110100,Dolphin Tale,2016-10-16,1820,6517043
140110100,Dolphin Tale,2016-10-23,1338,6518381
140110100,Dolphin Tale,2016-10-30,856,6519237
140110100,Dolphin Tale,2016-11-06,1100,6520337
140110100,Dolphin Tale,2016-11-13,1375,6521712
140110100,Dolphin Tale,2016-11-20,2039,6523751
140110100,Dolphin Tale,2016-11-27,2253,6526004
140110100,Dolphin Tale,2016-12-04,2645,6528649
140110100,Dolphin Tale,2016-12-11,2626,6531275
140110100,Dolphin Tale,2016-12-18,3394,6534669
140110100,Dolphin Tale,2016-12-25,2306,6536975
140110100,Dolphin Tale,2017-01-01,1737,6538712
140110100,Dolphin Tale,2017-01-08,2467,6541179
140110100,Dolphin Tale,2017-01-15,2880,6544059
140110100,Dolphin Tale,2017-01-22,2270,6546329
140110100,Dolphin Tale,2017-01-29,2027,6548356
140110100,Dolphin Tale,2017-02-05,1853,6550209
140110100,Dolphin Tale,2017-02-12,1538,6551747
140110100,Dolphin Tale,2017-02-19,1700,6553447
140110100,Dolphin Tale,2017-02-26,1585,6555032
140110100,Dolphin Tale,2017-03-05,1834,6556866
140110100,Dolphin Tale,2017-03-12,1143,6558009
140110100,Dolphin Tale,2017-03-19,1620,6559629
140110100,Dolphin Tale,2017-03-26,1494,6561123
140110100,Dolphin Tale,2017-04-02,1408,6562531
140110100,Dolphin Tale,2017-04-09,1590,6564121
140110100,Dolphin Tale,2017-04-16,938,6565059
140110100,Dolphin Tale,2017-04-23,1613,6566672
140110100,Dolphin Tale,2017-04-30,1311,6567983
140110100,Dolphin Tale,2017-05-07,1222,6569205
140110100,Dolphin Tale,2017-05-14,1558,6570763
140110100,Dolphin Tale,2017-05-21,1305,6572068
140110100,Dolphin Tale,2017-05-28,1506,6573574
140110100,Dolphin Tale,2017-06-04,926,6574500
140110100,Dolphin Tale,2017-06-11,1612,6576112
140110100,Dolphin Tale,2017-06-18,344,6576456
140110100,Dolphin Tale,2017-06-25,996,6577452
140110100,Dolphin Tale,2017-07-02,1636,6579088
140110100,Dolphin Tale,2017-07-16,1063,6580151
140110100,Dolphin Tale,2017-07-23,3035,6583186
140110100,Dolphin Tale,2017-07-30,1979,6585165
140110100,Dolphin Tale,2017-08-06,1425,6586590
140110100,Dolphin Tale,2017-08-13,2307,6588897
140110100,Dolphin Tale,2017-08-20,2370,6591267
140110100,Dolphin Tale,2017-08-27,1933,6593200
140110100,Dolphin Tale,2017-09-03,1428,6594628
140110100,Dolphin Tale,2017-09-10,930,6595558
140110100,Dolphin Tale,2017-09-17,1237,6596795
140110100,Dolphin Tale,2017-09-24,1477,6598272
140110100,Dolphin Tale,2017-10-01,1129,6599401
140110100,Dolphin Tale,2017-10-08,1691,6601092
140110100,Dolphin Tale,2017-10-15,1728,6602820
140110100,Dolphin Tale,2017-10-22,1521,6604341
140110100,Dolphin Tale,2017-10-29,957,6605298
140110100,Dolphin Tale,2017-11-05,2704,6608002
140110100,Dolphin Tale,2017-11-12,1836,6609838
140110100,Dolphin Tale,2017-11-19,1333,6611171
140110100,Dolphin Tale,2017-11-26,1964,6613135
140110100,Dolphin Tale,2017-12-03,1402,6614537
140110100,Dolphin Tale,2017-12-10,869,6615406
140110100,Dolphin Tale,2017-12-24,1972,6617378
140110100,Dolphin Tale,2017-12-31,693,6618071
140110100,Dolphin Tale,2018-01-07,588,6618659
140110100,Dolphin Tale,2018-01-14,613,6619272
181330100,Penguins of Madagascar,2015-03-22,3439749,3439749
181330100,Penguins of Madagascar,2015-03-29,1296865,4736614
181330100,Penguins of Madagascar,2015-04-05,1701611,6438225
181330100,Penguins of Madagascar,2015-04-12,516863,6955088
181330100,Penguins of Madagascar,2015-04-19,338024,7293112
181330100,Penguins of Madagascar,2015-04-26,307382,7600494
181330100,Penguins of Madagascar,2015-05-03,194366,7794860
181330100,Penguins of Madagascar,2015-05-10,149858,7944718
181330100,Penguins of Madagascar,2015-05-17,87925,8032643
181330100,Penguins of Madagascar,2015-05-24,88322,8120965
181330100,Penguins of Madagascar,2015-05-31,57279,8178244
181330100,Penguins of Madagascar,2015-06-07,53560,8231804
181330100,Penguins of Madagascar,2015-06-14,45535,8277339
181330100,Penguins of Madagascar,2015-06-21,34277,8311616
181330100,Penguins of Madagascar,2015-06-28,25597,8337213
181330100,Penguins of Madagascar,2015-07-05,42497,8379710
181330100,Penguins of Madagascar,2015-07-12,45340,8425050
181330100,Penguins of Madagascar,2015-07-19,46890,8471940
181330100,Penguins of Madagascar,2015-07-26,44614,8516554
181330100,Penguins of Madagascar,2015-08-02,30502,8547056
181330100,Penguins of Madagascar,2015-08-09,26580,8573636
181330100,Penguins of Madagascar,2015-08-16,27785,8601421
181330100,Penguins of Madagascar,2015-08-23,24096,8625517
181330100,Penguins of Madagascar,2015-08-30,18265,8643782
181330100,Penguins of Madagascar,2015-09-06,22958,8666740
181330100,Penguins of Madagascar,2015-09-13,17739,8684479
181330100,Penguins of Madagascar,2015-09-20,10944,8695423
181330100,Penguins of Madagascar,2015-09-27,7024,8702447
181330100,Penguins of Madagascar,2015-10-04,4287,8706734
181330100,Penguins of Madagascar,2015-10-11,6336,8713070
181330100,Penguins of Madagascar,2015-10-18,5956,8719026
181330100,Penguins of Madagascar,2015-10-25,4011,8723037
181330100,Penguins of Madagascar,2015-11-01,4521,8727558
181330100,Penguins of Madagascar,2015-11-08,6218,8733776
181330100,Penguins of Madagascar,2015-11-15,5202,8738978
181330100,Penguins of Madagascar,2015-11-22,6629,8745607
181330100,Penguins of Madagascar,2015-11-29,28916,8774523
181330100,Penguins of Madagascar,2015-12-06,33430,8807953
181330100,Penguins of Madagascar,2015-12-13,18031,8825984
181330100,Penguins of Madagascar,2015-12-20,16075,8842059
181330100,Penguins of Madagascar,2015-12-27,9571,8851630
181330100,Penguins of Madagascar,2016-01-03,7401,8859031
181330100,Penguins of Madagascar,2016-01-10,6311,8865342
181330100,Penguins of Madagascar,2016-01-17,7160,8872502
181330100,Penguins of Madagascar,2016-01-24,5143,8877645
181330100,Penguins of Madagascar,2016-01-31,5199,8882844
181330100,Penguins of Madagascar,2016-02-07,5472,8888316
181330100,Penguins of Madagascar,2016-02-14,6329,8894645
181330100,Penguins of Madagascar,2016-02-21,4652,8899297
181330100,Penguins of Madagascar,2016-02-28,4765,8904062
181330100,Penguins of Madagascar,2016-03-06,4207,8908269
181330100,Penguins of Madagascar,2016-03-13,5687,8913956
181330100,Penguins of Madagascar,2016-03-20,16180,8930136
181330100,Penguins of Madagascar,2016-03-27,5947,8936083
181330100,Penguins of Madagascar,2016-04-03,2418,8938501
181330100,Penguins of Madagascar,2016-04-10,3207,8941708
181330100,Penguins of Madagascar,2016-04-17,1820,8943528
181330100,Penguins of Madagascar,2016-04-24,1968,8945496
181330100,Penguins of Madagascar,2016-05-01,2701,8948197
181330100,Penguins of Madagascar,2016-05-08,3514,8951711
181330100,Penguins of Madagascar,2016-05-15,2441,8954152
181330100,Penguins of Madagascar,2016-05-22,3362,8957514
181330100,Penguins of Madagascar,2016-05-29,2756,8960270
181330100,Penguins of Madagascar,2016-06-05,3464,8963734
181330100,Penguins of Madagascar,2016-06-12,3859,8967593
181330100,Penguins of Madagascar,2016-06-19,2245,8969838
181330100,Penguins of Madagascar,2016-06-26,3089,8972927
181330100,Penguins of Madagascar,2016-07-03,3023,8975950
181330100,Penguins of Madagascar,2016-07-10,3587,8979537
181330100,Penguins of Madagascar,2016-07-17,3693,8983230
181330100,Penguins of Madagascar,2016-07-24,3755,8986985
181330100,Penguins of Madagascar,2016-07-31,2614,8989599
181330100,Penguins of Madagascar,2016-08-07,2892,8992491
181330100,Penguins of Madagascar,2016-08-14,2614,8995105
181330100,Penguins of Madagascar,2016-08-21,3731,8998836
181330100,Penguins of Madagascar,2016-08-28,3045,9001881
181330100,Penguins of Madagascar,2016-09-04,3175,9005056
181330100,Penguins of Madagascar,2016-09-11,3080,9008136
181330100,Penguins of Madagascar,2016-09-18,2908,9011044
181330100,Penguins of Madagascar,2016-09-25,1978,9013022
181330100,Penguins of Madagascar,2016-10-02,1343,9014365
181330100,Penguins of Madagascar,2016-10-09,1864,9016229
181330100,Penguins of Madagascar,2016-10-16,2023,9018252
181330100,Penguins of Madagascar,2016-10-23,1052,9019304
181330100,Penguins of Madagascar,2016-10-30,1052,9020356
181330100,Penguins of Madagascar,2016-11-06,1629,9021985
181330100,Penguins of Madagascar,2016-11-13,2473,9024458
181330100,Penguins of Madagascar,2016-11-20,2719,9027177
181330100,Penguins of Madagascar,2016-11-27,11500,9038677
181330100,Penguins of Madagascar,2016-12-04,7256,9045933
181330100,Penguins of Madagascar,2016-12-11,2995,9048928
181330100,Penguins of Madagascar,2016-12-18,2203,9051131
181330100,Penguins of Madagascar,2016-12-25,1396,9052527
181330100,Penguins of Madagascar,2017-01-01,2391,9054918
181330100,Penguins of Madagascar,2017-01-08,2466,9057384
181330100,Penguins of Madagascar,2017-01-15,2327,9059711
181330100,Penguins of Madagascar,2017-01-22,2055,9061766
181330100,Penguins of Madagascar,2017-01-29,3083,9064849
181330100,Penguins of Madagascar,2017-02-05,4001,9068850
181330100,Penguins of Madagascar,2017-02-12,4565,9073415
181330100,Penguins of Madagascar,2017-02-19,4945,9078360
181330100,Penguins of Madagascar,2017-02-26,3581,9081941
181330100,Penguins of Madagascar,2017-03-05,4222,9086163
181330100,Penguins of Madagascar,2017-03-12,5736,9091899
181330100,Penguins of Madagascar,2017-03-19,3154,9095053
181330100,Penguins of Madagascar,2017-03-26,3936,9098989
181330100,Penguins of Madagascar,2017-04-02,2266,9101255
181330100,Penguins of Madagascar,2017-04-09,2524,9103779
181330100,Penguins of Madagascar,2017-04-16,2858,9106637
181330100,Penguins of Madagascar,2017-04-23,3240,9109877
181330100,Penguins of Madagascar,2017-04-30,2029,9111906
181330100,Penguins of Madagascar,2017-05-07,2544,9114450
181330100,Penguins of Madagascar,2017-05-14,2489,9116939
181330100,Penguins of Madagascar,2017-05-21,2217,9119156
181330100,Penguins of Madagascar,2017-05-28,2103,9121259
181330100,Penguins of Madagascar,2017-06-04,2207,9123466
181330100,Penguins of Madagascar,2017-06-11,2604,9126070
181330100,Penguins of Madagascar,2017-06-18,2482,9128552
181330100,Penguins of Madagascar,2017-06-25,2052,9130604
181330100,Penguins of Madagascar,2017-07-02,3042,9133646
181330100,Penguins of Madagascar,2017-07-09,2576,9136222
181330100,Penguins of Madagascar,2017-07-16,3835,9140057
181330100,Penguins of Madagascar,2017-07-23,3382,9143439
181330100,Penguins of Madagascar,2017-07-30,3095,9146534
181330100,Penguins of Madagascar,2017-08-06,2346,9148880
181330100,Penguins of Madagascar,2017-08-13,2575,9151455
181330100,Penguins of Madagascar,2017-08-20,2120,9153575
181330100,Penguins of Madagascar,2017-08-27,3357,9156932
181330100,Penguins of Madagascar,2017-09-03,2852,9159784
181330100,Penguins of Madagascar,2017-09-10,4038,9163822
181330100,Penguins of Madagascar,2017-09-17,2933,9166755
181330100,Penguins of Madagascar,2017-09-24,2780,9169535
181330100,Penguins of Madagascar,2017-10-01,1659,9171194
181330100,Penguins of Madagascar,2017-10-08,2694,9173888
181330100,Penguins of Madagascar,2017-10-15,2071,9175959
181330100,Penguins of Madagascar,2017-10-22,1632,9177591
181330100,Penguins of Madagascar,2017-10-29,1825,9179416
181330100,Penguins of Madagascar,2017-11-05,1229,9180645
181330100,Penguins of Madagascar,2017-11-12,1583,9182228
181330100,Penguins of Madagascar,2017-11-19,2386,9184614
181330100,Penguins of Madagascar,2017-11-26,2347,9186961
181330100,Penguins of Madagascar,2017-12-03,3723,9190684
181330100,Penguins of Madagascar,2017-12-10,4372,9195056
181330100,Penguins of Madagascar,2017-12-17,5012,9200068
181330100,Penguins of Madagascar,2017-12-24,4071,9204139
181330100,Penguins of Madagascar,2017-12-31,2403,9206542
181330100,Penguins of Madagascar,2018-01-07,2170,9208712
181330100,Penguins of Madagascar,2018-01-14,1387,9210099
181330100,Penguins of Madagascar,2018-01-21,1718,9211817
181330100,Penguins of Madagascar,2018-01-28,2055,9213872
180630100,Minions,2015-12-13,19870187,19870187
180630100,Minions,2015-12-20,9251255,29121442
180630100,Minions,2015-12-27,8007576,37129018
180630100,Minions,2016-01-03,1736952,38865970
180630100,Minions,2016-01-10,692665,39558635
180630100,Minions,2016-01-17,413002,39971637
180630100,Minions,2016-01-24,373637,40345274
180630100,Minions,2016-01-31,503603,40848877
180630100,Minions,2016-02-07,230242,41079119
180630100,Minions,2016-02-14,498513,41577632
180630100,Minions,2016-02-21,371681,41949313
180630100,Minions,2016-02-28,172311,42121624
180630100,Minions,2016-03-06,149302,42270926
180630100,Minions,2016-03-13,226115,42497041
180630100,Minions,2016-03-20,248213,42745254
180630100,Minions,2016-03-27,349361,43094615
180630100,Minions,2016-04-03,172459,43267074
180630100,Minions,2016-04-10,81801,43348875
180630100,Minions,2016-04-17,53968,43402843
180630100,Minions,2016-04-24,93442,43496285
180630100,Minions,2016-05-01,76244,43572529
180630100,Minions,2016-05-08,103251,43675780
180630100,Minions,2016-05-15,44169,43719949
180630100,Minions,2016-05-22,68595,43788544
180630100,Minions,2016-05-29,58274,43846818
180630100,Minions,2016-06-05,92854,43939672
180630100,Minions,2016-06-12,51099,43990771
180630100,Minions,2016-06-19,70066,44060837
180630100,Minions,2016-06-26,71618,44132455
180630100,Minions,2016-07-03,80734,44213189
180630100,Minions,2016-07-10,100615,44313804
180630100,Minions,2016-07-17,263250,44577054
180630100,Minions,2016-07-24,63288,44640342
180630100,Minions,2016-07-31,80586,44720928
180630100,Minions,2016-08-07,64894,44785822
180630100,Minions,2016-08-14,56480,44842302
180630100,Minions,2016-08-21,47500,44889802
180630100,Minions,2016-08-28,42806,44932608
180630100,Minions,2016-09-04,41930,44974538
180630100,Minions,2016-09-11,35280,45009818
180630100,Minions,2016-09-18,33814,45043632
180630100,Minions,2016-09-25,31786,45075418
180630100,Minions,2016-10-02,19273,45094691
180630100,Minions,2016-10-09,18148,45112839
180630100,Minions,2016-10-16,21025,45133864
180630100,Minions,2016-10-23,18180,45152044
180630100,Minions,2016-10-30,21710,45173754
180630100,Minions,2016-11-06,27293,45201047
180630100,Minions,2016-11-13,33998,45235045
180630100,Minions,2016-11-20,55470,45290515
180630100,Minions,2016-11-27,215603,45506118
180630100,Minions,2016-12-04,110609,45616727
180630100,Minions,2016-12-11,73497,45690224
180630100,Minions,2016-12-18,58433,45748657
180630100,Minions,2016-12-25,50391,45799048
180630100,Minions,2017-01-01,41366,45840414
180630100,Minions,2017-01-08,36125,45876539
180630100,Minions,2017-01-15,33631,45910170
180630100,Minions,2017-01-22,31950,45942120
180630100,Minions,2017-01-29,31430,45973550
180630100,Minions,2017-02-05,47617,46021167
180630100,Minions,2017-02-12,41482,46062649
180630100,Minions,2017-02-19,37339,46099988
180630100,Minions,2017-02-26,39015,46139003
180630100,Minions,2017-03-05,39994,46178997
180630100,Minions,2017-03-12,43434,46222431
180630100,Minions,2017-03-19,38788,46261219
180630100,Minions,2017-03-26,41204,46302423
180630100,Minions,2017-04-02,35769,46338192
180630100,Minions,2017-04-09,40793,46378985
180630100,Minions,2017-04-16,39340,46418325
180630100,Minions,2017-04-23,22647,46440972
180630100,Minions,2017-04-30,21879,46462851
180630100,Minions,2017-05-07,21476,46484327
180630100,Minions,2017-05-14,19826,46504153
180630100,Minions,2017-05-21,23800,46527953
180630100,Minions,2017-05-28,34600,46562553
180630100,Minions,2017-06-04,39295,46601848
180630100,Minions,2017-06-11,40718,46642566
180630100,Minions,2017-06-18,39984,46682550
180630100,Minions,2017-06-25,46773,46729323
180630100,Minions,2017-07-02,43023,46772346
180630100,Minions,2017-07-09,39122,46811468
180630100,Minions,2017-07-16,30372,46841840
180630100,Minions,2017-07-23,65902,46907742
180630100,Minions,2017-07-30,33160,46940902
180630100,Minions,2017-08-06,60761,47001663
180630100,Minions,2017-08-13,48296,47049959
180630100,Minions,2017-08-20,46725,47096684
180630100,Minions,2017-08-27,43319,47140003
180630100,Minions,2017-09-03,33464,47173467
180630100,Minions,2017-09-10,39769,47213236
180630100,Minions,2017-09-17,35291,47248527
180630100,Minions,2017-09-24,30881,47279408
180630100,Minions,2017-10-01,21170,47300578
180630100,Minions,2017-10-08,17164,47317742
180630100,Minions,2017-10-15,14701,47332443
180630100,Minions,2017-10-22,19569,47352012
180630100,Minions,2017-10-29,36295,47388307
180630100,Minions,2017-11-05,23218,47411525
180630100,Minions,2017-11-12,33648,47445173
180630100,Minions,2017-11-19,30900,47476073
180630100,Minions,2017-11-26,48951,47525024
180630100,Minions,2017-12-03,85808,47610832
180630100,Minions,2017-12-10,81724,47692556
180630100,Minions,2017-12-17,82394,47774950
180630100,Minions,2017-12-24,72451,47847401
180630100,Minions,2017-12-31,30748,47878149
180630100,Minions,2018-01-07,18064,47896213
180630100,Minions,2018-01-14,18849,47915062
180630100,Minions,2018-01-21,18977,47934039
180630100,Minions,2018-01-28,14634,47948673
